Amortization	Cash & Equivalents	Cash from Financing Activities	Cash from Investing Activities	Cash from Operating Activities	Current-Quote	Depreciation/Depletion	Gross Profit	Historical-Quote	Income After Tax	Income Before Tax	Net Change in Cash	Net Income	Operating Income	Period	Period End Date	Period-Type	Retained Earnings (Accumulated Deficit)	Timestamp	Total Assets	Total Common Shares Outstanding	Total Current Assets	Total Current Liabilities	Total Equity	Total Liabilities	Total Revenue	X1	X2	X3	X4	X4prime	X5	generated-id	symbol	zDoublePrimeScore	zDoublePrimeScore-to-current-price	zDoublePrimeScore-to-price	zPrimeScore	zPrimeScore-to-current-price	zPrimeScore-to-price	zScore	zScore-to-current-price	zScore-to-price
1.64	61.24	-4.89	-4.29	46.67	46.66	6.39	114.91	31.50	11.43	17.4	37.49	11.43	15.06	T-1	03/31/2010	Ann	145.93	2010-October-24 01:20 +0000	386.77	15.51	224.07	246.1	111.82	274.96	239.32	-0.0569589161517	0.377304341081	0.038937870052	1.77685845214	0.406677334885	0.61876567469	f807d3e5-bd43-4a75-9bf3-ef0ddfd8378e	ABCO	1.54503535035	0.0331126307404	0.0490487412809	1.18804982026	0.025461847841	0.0377158673098	2.2726323296	0.0487062222375	0.0721470580826
0.98	23.75	-61.27	27.42	39.69	46.66	5.65	113.8	16.58	21.47	31.59	5.84	21.47	29.14	T-2	03/31/2009	Ann	134.49	2010-October-24 01:20 +0000	316.26	15.56	157.07	193.71	98.9	217.36	230.36	-0.115854044141	0.425251375451	0.092139378992	1.18690099374	0.455005520795	0.728388035161	f807d3e5-bd43-4a75-9bf3-ef0ddfd8378e	ABCO	1.72324937807	0.036932048394	0.103935426904	1.48143119371	0.0317494897923	0.0893504941924	2.20018726671	0.0471536062303	0.132701282672
0.25	17.91	-63.26	7.65	60.32	46.66	3.59	116.68	54.94	32.06	48.07	4.71	32.06	41.93	T-3	03/31/2008	Ann	113.02	2010-October-24 01:20 +0000	305.11	17.39	124.12	171.49	122.53	182.59	218.97	-0.15525548163	0.370423781587	0.137425846416	5.23252423462	0.671066323457	0.717675592409	f807d3e5-bd43-4a75-9bf3-ef0ddfd8378e	ABCO	1.81722689603	0.0389461400778	0.0330765725524	1.62750096457	0.0348800035269	0.0296232428935	4.64226446703	0.0994913087662	0.0844969870228
0.2	13.2	-49.56	-9.14	50.22	46.66	2.07	99.71	51.27	27.4	41.44	-8.48	27.4	34.63	T-4	03/31/2007	Ann	80.96	2010-October-24 01:20 +0000	286.17	18.23	108.38	143.4	138.46	147.71	189.84	-0.122374812175	0.282908760527	0.121011985883	6.32761559813	0.937377293345	0.66338190586	f807d3e5-bd43-4a75-9bf3-ef0ddfd8378e	ABCO	1.9169504946	0.0410833796527	0.0373893211351	1.58361882523	0.0339395376174	0.030887825731	5.10784992637	0.109469565503	0.0996264857884
0.13	21.68	-26.95	-30.49	51.25	46.66	1.55	94.09	55.77	25.64	48.51	-6.19	25.64	42.74	T-5	03/31/2006	Ann	53.57	2010-October-24 01:20 +0000	270.86	18.93	89.36	123.06	147.17	123.69	165.05	-0.124418518792	0.197777449605	0.157793694159	8.53525830706	1.18982941224	0.609355386547	f807d3e5-bd43-4a75-9bf3-ef0ddfd8378e	ABCO	2.13826351004	0.0458264789979	0.0383407478938	1.67643945851	0.0359288353731	0.0300598791198	6.37820641302	0.136695379619	0.114366261664
0.0	213.38	570.19	-888.02	358.41	65.74	125.41	523.82	64.59	176.72	262.95	56.47	143.73	407.76	T-1	12/31/2009	Ann	1033.04	2010-October-24 01:20 +0000	5225.67	52.2	2359.51	2130.01	272.78	4952.89	1964.34	0.0439178134096	0.197685655619	0.078030185603	0.680733470762	0.0550749158572	0.375902037442	13b0e91e-5e31-4f97-8000-aad5a79928a9	ADS	1.51474760219	0.0230414907543	0.0234517355967	0.83965030722	0.0127722894314	0.012999695111	1.37092712431	0.0208537743278	0.0212250677243
0.0	156.91	-20.31	-512.52	451.02	65.74	143.81	610.58	46.53	232.55	380.15	-108.93	206.4	460.59	T-2	12/31/2008	Ann	889.31	2010-October-24 01:20 +0000	4341.99	62.81	1924.65	1949.35	547.3	3794.69	2025.25	-0.00568863585591	0.204816224819	0.106078088618	0.770168129676	0.14422785524	0.466433593813	13b0e91e-5e31-4f97-8000-aad5a79928a9	ADS	1.49466744521	0.0227360426713	0.0321226616207	1.02506163768	0.0155926625749	0.0220301233113	1.55804208218	0.0237000620959	0.033484678319
0.0	219.21	197.08	-694.81	571.52	65.74	166.63	599.56	74.99	214.44	351.84	85.76	164.06	421.23	T-3	12/31/2007	Ann	682.9	2010-October-24 01:20 +0000	4162.4	78.76	1993.11	2015.0	1196.97	2965.43	1962.16	-0.00525898520085	0.164064001538	0.101198827599	1.99168835548	0.403641293168	0.471401114741	13b0e91e-5e31-4f97-8000-aad5a79928a9	ADS	1.60422918139	0.0244026343382	0.0213925747618	1.08960392991	0.0165744437163	0.0145299897307	2.22327767791	0.0338192527823	0.0296476553928
0.0	180.08	112.27	-472.1	397.91	65.74	125.04	511.27	64.06	206.4	332.66	36.86	189.61	373.38	T-4	12/31/2006	Ann	527.69	2010-October-24 01:20 +0000	3404.02	79.65	1309.98	877.72	1071.53	2332.48	1650.55	0.126985152849	0.155019653234	0.10968795718	2.18753386953	0.459395150226	0.484882580008	13b0e91e-5e31-4f97-8000-aad5a79928a9	ADS	2.55785465222	0.0389086500185	0.0399290454608	1.24000926178	0.0188623252477	0.0193569975302	2.52829797579	0.0384590504379	0.0394676549451
0.0	143.21	278.58	-330.95	109.08	65.74	99.71	368.48	36.96	138.75	222.13	58.8	138.75	236.61	T-5	12/31/2005	Ann	338.08	2010-October-24 01:20 +0000	2926.08	80.41	1042.45	1048.57	921.11	2004.98	1552.44	-0.00209153543307	0.115540244969	0.0808624507874	1.48228590809	0.459411066445	0.530552821522	13b0e91e-5e31-4f97-8000-aad5a79928a9	ADS	1.38871801522	0.0211243993796	0.0375735393728	1.07004695497	0.0162769539849	0.0289514868768	1.84548640159	0.028072503827	0.049931991385
0.14	8.22	-22.76	-35.08	57.32	28.80	23.23	188.68	23.42	42.16	61.13	-0.44	42.16	54.84	T-1	12/31/2009	Ann	267.31	2010-October-24 01:20 +0000	203.83	26.59	75.18	85.92	30.58	173.25	384.95	-0.0526909679635	1.31143600059	0.269047735858	3.59444617605	0.176507936508	1.88858362361	c59ba60d-8ebe-4490-b157-f827188d3eb1	ARB	5.92296273038	0.205658428138	0.252901909922	3.86787797347	0.134301318523	0.165152774273	6.70400151321	0.23277783032	0.286251132076
0.3	8.66	-26.86	-31.47	44.89	28.80	17.16	184.08	13.28	37.22	61.55	-13.47	37.18	56.47	T-2	12/31/2008	Ann	226.35	2010-October-24 01:20 +0000	199.6	26.41	73.85	102.44	-14.5	214.09	368.82	-0.143236472946	1.13401803607	0.282915831663	1.63821196693	-0.0677285253865	1.84779559118	c59ba60d-8ebe-4490-b157-f827188d3eb1	ARB	4.58734697219	0.159282880979	0.34543275393	3.55248623377	0.12335021645	0.267506493507	5.1782387032	0.179799954972	0.389927613193
0.78	21.14	-75.96	-0.65	65.06	28.80	11.77	181.29	41.57	40.5	64.79	-11.51	40.18	59.28	T-3	12/31/2007	Ann	280.0	2010-October-24 01:20 +0000	180.54	28.31	68.62	114.46	48.2	132.34	338.47	-0.253904951811	1.55090284701	0.328348288468	8.8926001209	0.364213389754	1.8747645951	c59ba60d-8ebe-4490-b157-f827188d3eb1	ARB	5.97925135513	0.207612894275	0.14383573142	4.17572768285	0.144990544543	0.100450509571	10.1585772986	0.352728378425	0.244372800064
1.55	31.01	-111.09	35.37	68.15	28.80	7.84	198.64	44.15	50.35	80.61	-7.21	50.66	75.95	T-4	12/31/2006	Ann	266.91	2010-October-24 01:20 +0000	210.32	29.69	105.55	110.11	89.26	121.06	319.34	-0.0216812476227	1.26906618486	0.361116394066	10.8278002643	0.737320337023	1.51835298593	c59ba60d-8ebe-4490-b157-f827188d3eb1	ARB	7.19581530024	0.249854697925	0.162985624015	4.0063330619	0.139108786872	0.0907436707112	10.9558740536	0.380412293528	0.248151167692
1.66	40.85	-20.79	-102.35	77.38	28.80	4.14	198.56	38.80	67.29	100.51	-46.05	67.31	93.65	T-5	12/31/2005	Ann	228.21	2010-October-24 01:20 +0000	254.71	31.04	160.93	102.16	96.18	158.53	300.37	0.23073299046	0.895960111499	0.367673039928	7.59699741374	0.606699047499	1.1792626909	c59ba60d-8ebe-4490-b157-f827188d3eb1	ARB	7.54223520909	0.261883166982	0.194387505389	3.49839166913	0.121471932956	0.0901647337404	8.48082665287	0.294473147669	0.218578006517
0.0	31.76	-24.56	11.53	28.57	30.40	22.99	295.89	22.82	45.63	73.62	15.55	45.63	67.37	T-1	12/31/2009	Ann	274.72	2010-October-24 01:20 +0000	423.2	34.15	203.44	299.66	50.28	372.92	442.91	-0.22736294896	0.649149338374	0.159191871456	2.08973238228	0.134827845114	1.04657372401	303d40b4-8720-4ee8-8e7f-17723e8c0c6b	EXBD	1.83606451147	0.06039685893	0.0804585675492	1.98252767132	0.0652147260302	0.0868767603558	3.46067329043	0.113837937185	0.151650889151
0.0	16.21	-100.26	-16.34	85.23	30.40	21.63	378.4	22.06	44.8	78.09	-31.37	44.8	83.53	T-2	12/31/2008	Ann	254.29	2010-October-24 01:20 +0000	446.19	34.04	190.99	355.58	22.61	423.58	558.35	-0.368878728793	0.569914162128	0.187207243551	1.77279947117	0.0533783464753	1.25137273359	303d40b4-8720-4ee8-8e7f-17723e8c0c6b	EXBD	0.75215564812	0.0247419621092	0.0340959042665	2.07117304613	0.068130692307	0.0938881707222	3.28681029971	0.108118759859	0.148994120567
0.0	47.59	-355.62	121.8	110.04	30.40	15.57	349.63	60.10	80.59	128.09	-123.78	80.59	112.04	T-3	12/31/2007	Ann	269.43	2010-October-24 01:20 +0000	544.77	34.99	271.97	417.43	67.55	477.23	532.72	-0.267011766434	0.494575692494	0.20566477596	4.40646857909	0.141546005071	0.977880573453	303d40b4-8720-4ee8-8e7f-17723e8c0c6b	EXBD	1.39141016951	0.0457700713653	0.0231515835192	1.90183276835	0.0625602884327	0.0316444720192	4.67146945078	0.153666758249	0.0777282770512
0.0	171.37	-177.15	-212.03	136.27	30.40	10.38	296.6	87.83	79.17	128.73	-252.91	79.17	104.41	T-4	12/31/2006	Ann	246.67	2010-October-24 01:20 +0000	736.06	38.95	482.16	400.51	317.87	418.19	460.62	0.110928456919	0.335122136782	0.141849849197	8.18044070877	0.760109041345	0.625791375703	303d40b4-8720-4ee8-8e7f-17723e8c0c6b	EXBD	3.57153432332	0.117484681688	0.0406641730994	1.74789722524	0.0574966192512	0.019900913415	6.60381965174	0.217230909597	0.075188655946
0.0	424.28	-30.73	159.55	181.47	30.40	7.31	241.28	88.51	75.06	113.61	310.28	75.06	100.02	T-5	12/31/2005	Ann	214.89	2010-October-24 01:20 +0000	727.0	39.48	577.82	330.77	385.41	341.58	362.23	0.339821182944	0.295584594223	0.13757909216	10.2300333743	1.12831547514	0.498253094911	303d40b4-8720-4ee8-8e7f-17723e8c0c6b	EXBD	5.30209548549	0.174411035707	0.059903914648	1.8926192671	0.0622572127335	0.0213831122709	7.91138972198	0.26024308296	0.0893841342445
7.09	205.79	2.17	3.41	39.57	51.06	7.58	135.95	41.77	18.69	33.09	45.8	18.69	31.84	T-1	12/31/2009	Ann	1.73	2010-October-24 01:21 +0000	404.58	20.62	247.41	43.75	359.01	45.57	209.66	0.503386227693	0.00427603934945	0.0786988976222	18.90053544	7.87820934826	0.518216421968	2a806526-6dea-4c7f-995b-76da2c0707e9	CSGP	12.1171299496	0.237311593216	0.290091691397	4.43509512089	0.086860460652	0.106178959083	12.72777576	0.249270970623	0.304710935121
8.44	159.98	11.48	52.43	40.91	51.06	8.36	139.02	32.94	24.62	44.7	102.2	24.62	39.79	T-2	12/31/2008	Ann	-16.96	2010-October-24 01:21 +0000	334.38	19.73	212.48	29.14	303.42	30.96	212.43	0.548298343202	-0.0507207368862	0.118996351456	20.9918023256	9.8003875969	0.635295173156	2a806526-6dea-4c7f-995b-76da2c0707e9	CSGP	14.5215499877	0.284401684052	0.440848512073	5.47007848542	0.10713040512	0.166061884803	14.2093782133	0.278287861601	0.43137153046
8.37	57.79	8.16	-40.33	51.73	51.06	7.78	116.1	47.25	15.95	25.9	19.63	15.95	17.85	T-3	12/31/2007	Ann	-41.59	2010-October-24 01:21 +0000	321.84	19.47	205.68	38.24	281.81	40.04	192.81	0.520258513547	-0.129225702212	0.0554623415362	22.9759615385	7.03821178821	0.59908650261	2a806526-6dea-4c7f-995b-76da2c0707e9	CSGP	10.7544493724	0.210623763658	0.227607394125	3.98982996025	0.0781400305571	0.0844408457195	15.0104842994	0.293977365833	0.317682207395
6.08	38.16	5.58	-28.33	32.59	51.06	5.73	102.75	52.15	12.41	20.93	10.09	12.41	14.08	T-4	12/31/2006	Ann	-57.54	2010-October-24 01:21 +0000	275.44	19.08	178.75	24.15	250.11	25.33	158.89	0.561283764159	-0.208902120244	0.0511182108626	39.2823529412	9.87406237663	0.576858844031	2a806526-6dea-4c7f-995b-76da2c0707e9	CSGP	13.7122804533	0.268552300301	0.262939222499	5.10713596873	0.100022247723	0.0979316580773	24.6954613944	0.483655726486	0.473546718972
5.99	28.07	7.41	-38.73	22.92	51.06	5.73	90.05	44.06	6.46	10.8	-8.74	6.46	7.34	T-5	12/31/2005	Ann	-69.95	2010-October-24 01:21 +0000	248.06	18.67	146.54	22.04	224.8	23.26	134.34	0.501894702894	-0.281988228654	0.0295896154156	35.3654428203	9.66466036113	0.541562525196	2a806526-6dea-4c7f-995b-76da2c0707e9	CSGP	12.7198832204	0.249116396795	0.28869458058	4.81258615922	0.0942535479676	0.109228010877	22.0654225091	0.432146935156	0.500803960714
0.0	222.9	-213.1	-120.7	369.5	75.17	58.1	1186.7	84.37	320.4	432.5	58.7	319.4	468.6	T-1	12/31/2009	Ann	1830.7	2010-October-24 01:21 +0000	1749.4	51.2	759.6	859.1	-745.7	2495.1	1687.0	-0.0568766434206	1.04647307648	0.267863267406	1.73129093022	-0.298865776923	0.964330627644	5d4e4a09-38b9-433e-aa85-c5212d11bb46	DNB	4.5246235397	0.060191878937	0.0536283458539	2.51471165436	0.0334536604278	0.0298057562446	4.28289997256	0.0569761869438	0.0507633041669
0.0	164.2	-242.5	-166.2	436.5	75.17	58.5	1245.6	77.20	310.9	438.9	-25.5	310.6	477.8	T-2	12/31/2008	Ann	1582.8	2010-October-24 01:21 +0000	1586.0	53.3	695.8	908.5	-856.7	2442.7	1726.3	-0.134110970996	0.997982345523	0.301261034048	1.68451303885	-0.35071846727	1.08846153846	5d4e4a09-38b9-433e-aa85-c5212d11bb46	DNB	4.02987423484	0.0536101401469	0.0522004434565	2.62413437237	0.0349093304825	0.0339913778805	4.32848443113	0.0575826051766	0.0560684511804
0.0	175.8	-143.0	-217.2	393.9	75.17	46.6	1168.8	88.63	290.5	426.3	51.3	298.1	425.6	T-3	12/31/2007	Ann	1320.7	2010-October-24 01:21 +0000	1658.8	56.8	718.3	910.0	-440.1	2098.9	1599.2	-0.115565469014	0.796177959971	0.256571015192	2.39848682643	-0.209681261613	0.964070412346	5d4e4a09-38b9-433e-aa85-c5212d11bb46	DNB	3.34142257017	0.0444515441023	0.0377008075163	2.26274457666	0.0301016971752	0.0255302332919	4.22485336907	0.0562039825605	0.0476684347181
0.0	127.7	-431.5	47.3	304.9	75.17	32.1	1064.0	82.28	238.3	380.4	-56.9	240.7	393.7	T-4	12/31/2006	Ann	1132.2	2010-October-24 01:21 +0000	1360.1	60.1	645.0	805.5	-399.1	1759.2	1474.9	-0.118006028968	0.832438791265	0.289464009999	2.81095270578	-0.226864483856	1.08440555841	5d4e4a09-38b9-433e-aa85-c5212d11bb46	DNB	3.64662134864	0.0485116582232	0.0443196566436	2.50678367658	0.0333481931166	0.0304665006876	4.74893108233	0.0631758824309	0.0577167122305
0.0	195.3	-241.2	-54.1	261.5	75.17	34.6	1024.2	67.70	221.8	354.9	-57.6	221.2	364.6	T-5	12/31/2005	Ann	891.5	2010-October-24 01:21 +0000	1613.4	67.0	759.3	1029.1	77.6	1535.8	1380.0	-0.167224494856	0.552559811578	0.225982397422	2.95344445891	0.0505274124235	0.855336556341	5d4e4a09-38b9-433e-aa85-c5212d11bb46	DNB	2.27600779321	0.0302781401252	0.0336190220563	1.92509290283	0.0256098563633	0.0284356411053	3.94520414901	0.0524837588001	0.0582748027918
0.0	103.1	-108.3	-270.1	418.4	32.08	158.8	1056.7	30.89	240.5	356.6	44.9	233.9	407.6	T-1	12/31/2009	Ann	2494.2	2010-October-24 01:21 +0000	3550.5	126.2	416.8	492.2	1601.2	1949.3	1824.5	-0.021236445571	0.702492606675	0.114800732291	1.99985533268	0.82142307495	0.513871285734	7f375da5-e762-4896-93ed-4bd5c808bd8a	EFX	3.78476996451	0.117979113607	0.122524116689	1.79431181625	0.0559324132248	0.0580871419958	3.05011894528	0.0950785207381	0.0987413060952
0.0	58.2	-319.1	-141.6	448.1	32.08	155.4	1143.7	26.52	279.0	412.1	-23.4	272.8	477.2	T-2	12/31/2008	Ann	2281.0	2010-October-24 01:21 +0000	3260.3	126.3	353.8	318.0	1312.4	1947.9	1935.7	0.0109805846088	0.699628868509	0.146366898752	1.71953180348	0.673751219262	0.593718369475	7f375da5-e762-4896-93ed-4bd5c808bd8a	EFX	4.04384708621	0.126055083735	0.152482921803	1.93072713004	0.0601847609114	0.0728026821282	3.10051161652	0.0966493646047	0.116912202734
0.0	81.6	-21.2	-422.3	453.5	32.08	127.7	1085.6	36.36	278.8	430.7	13.8	272.7	486.2	T-3	12/31/2007	Ann	2030.0	2010-October-24 01:21 +0000	3523.9	129.7	425.0	546.9	1399.2	2124.7	1843.0	-0.0345923550612	0.57606629019	0.137972133148	2.21955664329	0.658540029181	0.523000085133	7f375da5-e762-4896-93ed-4bd5c808bd8a	EFX	3.26969002221	0.10192300568	0.0899254681576	1.69034574412	0.0526915755649	0.046489156879	3.0745010906	0.0958385626747	0.0845572357152
0.0	67.8	-255.0	-86.8	372.1	32.08	82.8	919.9	40.01	274.5	415.9	30.3	274.5	436.1	T-4	12/31/2006	Ann	1778.6	2010-October-24 01:21 +0000	1790.6	124.7	345.2	582.1	838.1	952.5	1546.3	-0.132302021669	0.993298335753	0.243549648163	5.23805459318	0.879895013123	0.863565285379	7f375da5-e762-4896-93ed-4bd5c808bd8a	EFX	4.93079471184	0.153703077052	0.123239058032	2.73456595801	0.0852420809853	0.0683470621847	6.04110355899	0.188313701963	0.150989841514
0.0	37.5	-193.5	-157.9	337.8	32.08	82.2	849.2	38.50	246.5	390.7	-14.6	246.5	422.0	T-5	12/31/2005	Ann	1525.1	2010-October-24 01:21 +0000	1831.5	129.2	280.4	294.5	820.3	1011.2	1443.4	-0.00769860769861	0.832705432705	0.230412230412	4.91910601266	0.811214398734	0.788097188097	7f375da5-e762-4896-93ed-4bd5c808bd8a	EFX	5.06426215116	0.15786353339	0.131539276653	2.54290344086	0.0792675636179	0.0660494400224	5.65568233541	0.17629932467	0.146900839881
0.0	195.74	-151.57	-75.95	211.08	87.21	37.34	434.51	73.55	150.21	222.18	-20.58	150.21	221.63	T-1	08/31/2010	Ann	786.84	2010-October-24 01:21 +0000	643.41	46.0	265.15	109.28	502.41	141.0	641.06	0.242256104195	1.22292162074	0.344461540853	23.995035461	3.56319148936	0.996347585521	82aa9ef0-915b-4a51-88b0-f2752307b00b	FDS	11.6320571455	0.133379854896	0.158151694704	4.77064956278	0.0547030106958	0.0648626725056	18.5318931934	0.212497341972	0.251963197735
0.0	216.32	-110.42	1.22	207.77	87.21	34.34	412.66	55.04	144.95	212.12	98.33	144.95	211.03	T-2	08/31/2009	Ann	676.63	2010-October-24 01:21 +0000	633.14	46.74	299.41	99.36	500.83	132.31	622.02	0.315964873488	1.06868938939	0.333307009508	19.4435008692	3.78527700098	0.982436743848	82aa9ef0-915b-4a51-88b0-f2752307b00b	FDS	11.7710209344	0.134973293595	0.213863025698	4.73759981642	0.0543240433026	0.08607557806	15.6227909533	0.179139903145	0.283844312379
0.0	117.99	-73.58	-119.27	143.12	87.21	30.65	384.28	62.09	125.02	189.05	-50.85	125.02	183.89	T-3	08/31/2008	Ann	567.38	2010-October-24 01:21 +0000	587.27	47.97	234.52	92.63	465.47	121.8	575.52	0.241609481159	0.966131421663	0.313126841146	24.4536724138	3.82159277504	0.979992167146	82aa9ef0-915b-4a51-88b0-f2752307b00b	FDS	10.8514314173	0.124428751489	0.174769389875	4.54753355591	0.052144634284	0.0732409978404	18.3270495668	0.210148487178	0.29516910238
0.0	168.83	-74.21	-39.99	155.91	87.21	28.56	323.0	59.93	109.57	162.88	42.29	109.57	155.09	T-4	08/31/2007	Ann	469.88	2010-October-24 01:21 +0000	523.75	48.35	252.33	90.65	409.31	114.44	475.8	0.308696897375	0.897145584726	0.296114558473	25.3199536875	3.57663404404	0.908448687351	82aa9ef0-915b-4a51-88b0-f2752307b00b	FDS	10.6951018322	0.122636186586	0.17845990042	4.31006400733	0.0494216719106	0.0719183048111	18.7031305896	0.214460848407	0.312082939923
0.0	126.55	-4.05	-49.12	120.82	87.21	24.26	266.0	44.10	82.92	126.03	67.09	82.92	121.29	T-5	08/31/2006	Ann	377.85	2010-October-24 01:21 +0000	457.23	48.89	206.98	79.3	358.69	98.54	387.35	0.279246768585	0.826389344531	0.265271307657	21.8799370814	3.64004465192	0.84716663386	82aa9ef0-915b-4a51-88b0-f2752307b00b	FDS	10.1305581371	0.116162804002	0.229717871589	4.09866071518	0.0469976002199	0.0929401522717	16.341718236	0.187383536704	0.370560504217
2.29	97.81	-16.12	-59.54	43.1	34.06	5.28	149.09	25.95	18.87	33.74	-31.67	18.87	32.42	T-1	12/31/2009	Ann	129.56	2010-October-24 01:21 +0000	470.2	22.33	340.8	150.13	311.95	158.25	233.35	0.405508294343	0.275542322416	0.0689493832412	3.66169668246	1.97124802528	0.496278179498	963472b5-e426-4729-869e-cdd4414824c2	FORR	6.09155266389	0.178847700055	0.23474191383	2.06156932162	0.0605275784385	0.0794439044939	3.79270208009	0.111353554906	0.146154222739
1.44	129.48	-3.37	38.57	43.65	34.06	4.01	153.07	28.21	29.22	44.81	76.32	29.22	37.96	T-2	12/31/2008	Ann	110.69	2010-October-24 01:21 +0000	454.95	23.05	310.9	144.9	303.5	151.45	240.88	0.364875261018	0.243301461699	0.083437740411	4.29343347639	2.00396170353	0.529464776349	963472b5-e426-4729-869e-cdd4414824c2	FORR	5.85160588169	0.171802873802	0.207430197862	2.09700272195	0.0615679014077	0.074335438566	4.15881230037	0.122102533775	0.14742333571
1.23	53.16	0.4	-25.29	38.14	34.06	3.99	130.45	28.02	18.94	30.0	14.01	18.94	22.65	T-3	12/31/2007	Ann	81.48	2010-October-24 01:21 +0000	426.36	23.15	354.01	144.48	275.02	151.34	212.06	0.491439159396	0.191106107515	0.0531241204616	4.28613056694	1.81723272103	0.497373111924	963472b5-e426-4729-869e-cdd4414824c2	FORR	6.11193524271	0.179446131612	0.2181275961	1.93890150116	0.0569260569923	0.0691970557158	4.10113921829	0.120409254794	0.146364711574
2.06	39.16	30.53	-86.38	45.76	34.06	3.55	108.21	27.34	16.06	26.09	-9.38	17.76	20.39	T-4	12/31/2006	Ann	62.77	2010-October-24 01:21 +0000	384.14	23.05	298.88	132.61	244.91	139.24	181.47	0.432836986515	0.163403967304	0.0530796063935	4.52590491238	1.75890548693	0.472405893685	963472b5-e426-4729-869e-cdd4414824c2	FORR	5.57565328119	0.163700918414	0.203937574294	1.82386700311	0.0535486495335	0.0667105707063	4.11080907436	0.120693161314	0.150358781067
3.53	48.54	-14.51	2.29	23.93	34.06	3.54	90.94	18.38	12.26	19.51	11.21	11.94	14.99	T-5	12/31/2005	Ann	45.01	2010-October-24 01:21 +0000	308.34	21.02	212.16	113.15	189.35	119.0	151.4	0.321106570669	0.145975222157	0.0486151650775	3.24661848739	1.59117647059	0.491016410456	963472b5-e426-4729-869e-cdd4414824c2	FORR	4.57976753126	0.134461759579	0.24917124762	1.66325023751	0.0488329488407	0.0904923959475	3.18861972706	0.0936177253982	0.173483118991
0.0	116.57	-73.78	-119.67	161.94	30.57	27.02	641.44	18.04	82.96	115.53	-24.36	82.96	134.48	T-1	12/31/2009	Ann	509.39	2010-October-24 01:22 +0000	1215.28	95.88	557.83	898.17	112.54	1102.74	1139.8	-0.280050687907	0.419154433546	0.110657626226	1.56852494695	0.102054881477	0.937890856428	3981b08b-d151-4c81-8c1b-995530433114	IT	0.380087814479	0.0124333599764	0.021069169317	1.4769188316	0.0483126866733	0.0818691148339	2.49399348176	0.0815830383305	0.138247975708
0.0	140.93	-119.84	-16.46	184.35	30.57	27.5	706.86	17.83	97.15	144.74	30.98	103.87	164.37	T-2	12/31/2008	Ann	426.43	2010-October-24 01:22 +0000	1093.07	93.88	554.52	792.41	-21.32	1114.38	1279.07	-0.217634735195	0.390121401191	0.150374632915	1.50207326047	-0.019131714496	1.17016293559	3981b08b-d151-4c81-8c1b-995530433114	IT	0.834541137967	0.027299350277	0.0468054480071	1.80138999577	0.0589267254094	0.101031407502	2.85148129698	0.0932771114485	0.159926040212
0.0	109.95	-93.7	-24.14	148.34	30.57	26.39	621.91	17.56	70.67	110.5	42.14	73.55	129.46	T-3	12/31/2007	Ann	322.56	2010-October-24 01:22 +0000	1133.21	99.03	557.79	876.01	17.5	1115.71	1168.48	-0.280812911993	0.284642740534	0.114241843965	1.55861899598	0.0156850794561	1.03112397526	3981b08b-d151-4c81-8c1b-995530433114	IT	-0.130022843661	-0.00425328242267	-0.00740448995791	1.43034841321	0.0467892840435	0.0814549210256	2.40378667631	0.0786322105432	0.13688990184
0.0	67.8	-91.53	-21.8	106.26	30.57	34.2	532.3	20.32	54.26	80.66	-2.48	58.19	98.04	T-4	12/31/2006	Ann	249.0	2010-October-24 01:22 +0000	1039.79	104.06	484.03	803.88	26.32	1013.48	1037.3	-0.307610190519	0.239471431731	0.0942882697468	2.0863748668	0.0259699254055	0.997605285683	3981b08b-d151-4c81-8c1b-995530433114	IT	-0.576360387988	-0.0188537909057	-0.0283641923222	1.28174689396	0.0419282595342	0.0630780951752	2.52571166644	0.0826205975283	0.124296833978
0.0	70.28	70.02	-180.98	27.12	30.57	35.73	488.84	13.01	-2.44	5.44	-89.84	-2.44	25.28	T-5	12/31/2005	Ann	187.65	2010-October-24 01:22 +0000	1026.62	114.33	462.12	642.77	146.59	880.03	989.0	-0.175965790653	0.182784282402	0.0246244959186	1.69020749293	0.1665738668	0.963355477197	3981b08b-d151-4c81-8c1b-995530433114	IT	-0.218079653337	-0.00713377995869	-0.0167624637461	1.13654891441	0.0371785709655	0.0873596398474	2.10251650059	0.0687771181088	0.161607724872
0.0	124.2	0.41	-154.04	234.69	71.30	49.15	557.28	50.28	137.11	178.69	93.16	134.96	179.82	T-1	11/30/2009	Ann	719.18	2010-October-24 01:22 +0000	1675.59	63.28	413.23	549.18	1013.68	661.91	967.3	-0.0811355999976	0.429210009609	0.10731742252	4.80687465063	1.53144687344	0.577289193657	be675197-6f51-48ff-97e2-3698e7081f93	IHS	3.19616739179	0.0448270321429	0.0635673705606	1.85814418682	0.0260609282865	0.0369559305256	4.31851548261	0.0605682395878	0.0858893294076
0.0	31.04	-3.51	-284.95	189.25	71.30	39.41	471.3	34.90	95.68	134.19	-117.44	98.99	133.51	T-2	11/30/2008	Ann	584.22	2010-October-24 01:22 +0000	1436.18	62.8	317.82	545.93	801.06	635.13	844.03	-0.158831065744	0.406787450041	0.0929618850005	3.45082109174	1.26125360162	0.587690957958	be675197-6f51-48ff-97e2-3698e7081f93	IHS	2.23321544476	0.0313213947372	0.0639889812253	1.63574176147	0.022941679684	0.0468693914461	3.34327529371	0.0468902565738	0.0957958536881
0.0	148.48	-37.98	-133.83	141.74	71.30	25.48	385.83	70.14	83.84	122.67	-31.55	83.78	116.6	T-3	11/30/2007	Ann	483.8	2010-October-24 01:22 +0000	1323.81	62.51	402.25	392.4	840.91	482.9	688.39	0.00744064480552	0.365460300194	0.0880791050075	9.07941892731	1.74137502589	0.52000664748	be675197-6f51-48ff-97e2-3698e7081f93	IHS	3.66054657139	0.0513400641148	0.0521891441601	1.8388857409	0.0257908238556	0.0262173615755	6.77837223778	0.0950683343308	0.0966406078954
0.0	180.03	2.8	-72.29	115.73	71.30	15.71	298.35	37.05	58.43	85.31	47.67	56.35	80.19	T-4	11/30/2006	Ann	400.03	2010-October-24 01:22 +0000	944.3	58.79	380.92	331.16	565.19	379.11	550.77	0.0526951180769	0.423625966324	0.0849200465954	5.74548152251	1.49083379494	0.583257439373	be675197-6f51-48ff-97e2-3698e7081f93	IHS	3.86273882261	0.0541758600647	0.1042574581	1.86868129628	0.0262087138328	0.0504367421398	4.96650974375	0.0696565181452	0.134048845985
0.0	132.37	-0.39	-39.3	48.29	71.30	11.66	247.95	19.26	44.19	64.57	7.91	41.8	61.85	T-5	11/30/2005	Ann	343.68	2010-October-24 01:22 +0000	807.16	57.83	346.45	282.86	477.18	329.98	476.12	0.078782397542	0.425789186778	0.0766266911145	3.37537365901	1.44608764168	0.589870657614	be675197-6f51-48ff-97e2-3698e7081f93	IHS	3.93820866482	0.0552343431251	0.204476046979	1.85125727533	0.0259643376625	0.0961192770163	3.55801680158	0.0499020589282	0.184736074848
0.71	13.04	9.35	-9.06	-7.06	0.98	4.29	64.71	2.99	-74.12	-34.16	-6.47	-74.12	-31.07	T-1	12/31/2009	Ann	-76.14	2010-October-24 01:22 +0000	190.81	25.9	133.23	76.02	98.12	92.7	263.2	0.299827053089	-0.399035689953	-0.16283213668	0.835393743258	1.05846817691	1.37938263194	78e82af7-7cc1-4293-9c68-2950aa2bcda9	XPRT	0.683168746287	0.697110965599	0.228484530531	1.19225381999	1.2165855306	0.398747096985	1.14303594199	1.16636320611	0.382286268223
1.45	19.51	0.17	-12.59	12.11	0.98	4.49	100.86	6.71	-86.69	-128.37	-2.09	-86.69	-126.33	T-2	12/31/2008	Ann	-2.02	2010-October-24 01:22 +0000	256.21	25.56	152.66	69.74	168.61	87.6	335.68	0.323640763436	-0.00788415752703	-0.493072089302	1.95784931507	1.9247716895	1.31017524687	78e82af7-7cc1-4293-9c68-2950aa2bcda9	XPRT	0.804946888469	0.821374375988	0.11996227846	0.809356570461	0.825874051491	0.120619459085	1.23376786155	1.2589467975	0.183870024076
2.42	21.6	3.55	-26.52	17.24	0.98	4.88	123.8	15.06	12.8	21.55	-4.89	11.36	21.93	T-3	12/31/2007	Ann	84.67	2010-October-24 01:22 +0000	359.32	25.44	165.14	78.17	253.49	105.83	370.43	0.242040520984	0.235639541356	0.0610319492374	3.62020599074	2.39525654351	1.03091951464	78e82af7-7cc1-4293-9c68-2950aa2bcda9	XPRT	5.28112479204	5.38890284902	0.350672296948	2.59762143524	2.65063411759	0.172484823057	4.02376160513	4.10587918891	0.267182045493
3.1	26.49	6.55	-28.28	11.45	0.98	3.72	115.4	18.46	20.89	35.23	-9.23	21.47	35.44	T-4	12/31/2006	Ann	73.31	2010-October-24 01:22 +0000	327.15	24.91	160.56	72.72	231.11	96.04	345.29	0.268500687758	0.224086810332	0.108329512456	4.78799042066	2.40639316951	1.05544857099	78e82af7-7cc1-4293-9c68-2950aa2bcda9	XPRT	5.74657466507	5.86385169905	0.311298735919	2.78291912172	2.83971338951	0.150754015261	4.92059712569	5.0210174752	0.266554557188
1.32	35.72	12.16	-37.44	20.25	0.98	3.06	95.76	17.73	21.85	37.03	-6.36	22.38	36.58	T-5	12/31/2005	Ann	52.09	2010-October-24 01:22 +0000	272.89	24.24	146.98	62.23	195.07	77.82	278.07	0.310564696398	0.190882773279	0.134046685478	5.52268311488	2.50668208687	1.0189820074	78e82af7-7cc1-4293-9c68-2950aa2bcda9	XPRT	6.19239216688	6.31876751722	0.349260697511	2.87058616793	2.92916955912	0.161905593228	5.41384047467	5.52432701497	0.305349152547
0.0	10.08	3.25	-8.73	3.42	4.54	3.26	50.53	5.81	-6.27	-6.11	-2.06	-6.27	-3.1	T-1	12/31/2009	Ann	-59.02	2010-October-24 01:23 +0000	41.25	14.52	19.35	18.31	22.95	18.31	56.28	0.0252121212121	-1.43078787879	-0.0751515151515	4.6073839432	1.25341343528	1.36436363636	03d75c09-6a0f-4100-8b23-031459b22e5e	LOCM	-3.68791104447	-0.812315208033	-0.634752331234	0.460772551909	0.101491751522	0.0793068075575	1.9065811538	0.419951795991	0.328155103924
0.0	12.14	0.56	1.59	-4.26	4.54	1.81	32.97	1.56	-8.56	-8.56	-2.12	-8.56	-8.87	T-2	12/31/2008	Ann	-57.8	2010-October-24 01:23 +0000	34.33	14.45	17.82	6.98	27.35	6.98	38.26	0.315758811535	-1.68365860763	-0.258374599476	3.22951289398	3.91833810888	1.1144771337	03d75c09-6a0f-4100-8b23-031459b22e5e	LOCM	-1.03937155136	-0.228936465057	-0.666263814974	0.755520531801	0.166414214053	0.484308033206	0.220222737846	0.0485072109793	0.141168421696
0.0	14.26	21.6	-2.5	-8.1	4.54	2.21	17.66	4.81	-18.2	-18.2	10.99	-18.2	-11.17	T-3	12/31/2007	Ann	-49.23	2010-October-24 01:23 +0000	38.11	14.2	20.17	5.17	32.94	5.17	21.53	0.393597480976	-1.29178693256	-0.293098924167	13.2112185687	6.37137330754	0.564943584361	03d75c09-6a0f-4100-8b23-031459b22e5e	LOCM	3.09109127757	0.680857109596	0.642638519244	1.51719799095	0.334184579505	0.315425777745	6.18769860381	1.36292920789	1.28642382616
0.0	3.26	0.31	11.12	-9.24	4.54	2.16	9.25	4.14	-13.29	-13.29	2.19	-13.29	-13.57	T-4	12/31/2006	Ann	-31.03	2010-October-24 01:23 +0000	24.89	9.3	7.67	4.29	20.6	4.29	14.21	0.13579750904	-1.24668541583	-0.54519887505	8.97482517483	4.80186480186	0.570912012857	03d75c09-6a0f-4100-8b23-031459b22e5e	LOCM	-1.79514119468	-0.39540554949	-0.433608984223	-0.0659552323932	-0.0145275842276	-0.0159312155539	2.57367734676	0.566889283427	0.621661194869
0.0	1.08	2.32	-22.44	-3.42	4.54	1.54	7.43	5.67	-6.5	-6.0	-23.54	-6.5	-6.68	T-5	12/31/2005	Ann	-17.75	2010-October-24 01:23 +0000	35.03	9.17	15.84	4.23	30.81	4.23	18.14	0.331430202683	-0.506708535541	-0.190693691122	12.2917021277	7.28368794326	0.517841849843	03d75c09-6a0f-4100-8b23-031459b22e5e	LOCM	6.88872303983	1.51733987661	1.21494233507	2.79192312972	0.614961041788	0.492402668381	6.95138039735	1.53114105668	1.22599301541
0.0	473.9	-348.8	-93.8	643.8	26.44	64.1	1797.2	26.80	402.0	641.1	228.0	402.0	687.5	T-1	12/31/2009	Ann	3329.0	2010-October-24 01:23 +0000	2003.3	236.86	1012.9	1236.0	-606.2	2609.5	1797.2	-0.111366245695	1.66175809914	0.343183746818	2.43259168423	-0.23230503928	0.897119752409	d7855ac5-826d-42e4-aeb1-2babf4d6e975	MCO	6.7490433188	0.255258824463	0.251829974582	3.19168880957	0.120714402783	0.119092866029	5.68110585165	0.214867846129	0.211981561629
0.0	245.9	-349.8	-319.3	539.7	26.44	75.1	1755.4	20.09	457.6	725.8	-180.4	457.6	748.2	T-2	12/31/2008	Ann	3023.2	2010-October-24 01:23 +0000	1773.4	235.14	809.1	1393.1	-994.4	2767.8	1755.4	-0.329310928161	1.70474794181	0.421901432277	1.70675720789	-0.359274514054	0.989850005639	d7855ac5-826d-42e4-aeb1-2babf4d6e975	MCO	5.8551379867	0.221449999497	0.291445395057	3.35562833103	0.126914838541	0.16702978253	5.39666321162	0.204109803768	0.268624351001
0.0	426.3	-865.7	-124.7	988.2	26.44	42.9	2259.0	35.70	701.5	1116.7	18.2	701.5	1131.0	T-3	12/31/2007	Ann	2661.1	2010-October-24 01:23 +0000	1714.6	251.41	989.1	1349.2	-783.6	2498.2	2259.0	-0.210019829698	1.55202379564	0.659629068004	3.59272155952	-0.313665839404	1.31750845678	d7855ac5-826d-42e4-aeb1-2babf4d6e975	MCO	7.78522569657	0.294448778237	0.218073548924	4.39658123862	0.166285220825	0.123153536096	7.56940932671	0.286286283158	0.212028272457
0.0	408.1	-965.2	116.1	752.5	26.44	39.5	2037.1	70.32	753.9	1260.5	-77.9	753.9	1259.5	T-4	12/31/2006	Ann	2091.4	2010-October-24 01:23 +0000	1497.7	278.61	1001.9	700.0	167.4	1330.3	2037.1	0.201575749483	1.39640782533	0.840956132737	14.7273962264	0.125836277531	1.36015223342	d7855ac5-826d-42e4-aeb1-2babf4d6e975	MCO	11.6579797306	0.440922077556	0.16578469469	5.35042111037	0.20236085894	0.0760867620929	15.1672469099	0.573647765125	0.215688949231
0.0	486.0	-666.5	-150.4	707.9	26.44	35.2	1731.6	62.96	560.8	934.7	-120.1	560.8	939.6	T-5	12/31/2005	Ann	1419.2	2010-October-24 01:23 +0000	1457.2	290.3	1051.8	578.9	309.4	1147.8	1731.6	0.324526489157	0.973922591271	0.644798243206	15.923756752	0.269559156647	1.18830634093	d7855ac5-826d-42e4-aeb1-2babf4d6e975	MCO	9.91996272524	0.375187697626	0.157559763743	4.36013064321	0.164906605265	0.0692523926813	14.6221297032	0.553030624174	0.232244753862
7.93	37.82	-183.32	-69.59	262.04	28.61	11.7	423.03	28.31	88.05	138.7	3.38	92.09	149.65	T-1	11/30/2009	Ann	554.97	2010-October-24 01:23 +0000	2100.29	33.6	1840.56	1077.88	818.37	1281.92	7719.2	0.363130805746	0.264234938985	0.071252065191	0.742024463305	0.638393971543	3.67530198211	93858771-6cbe-443d-9ef1-a16081ab3b44	SNX	4.39267153499	0.153536229814	0.155163247439	4.64162879378	0.1622379865	0.163957216312	5.15765905471	0.180274696075	0.182185060216
7.75	35.15	20.42	-65.69	52.59	28.61	11.01	413.86	9.64	77.84	123.55	18.21	83.8	146.37	T-2	11/30/2008	Ann	462.88	2010-October-24 01:23 +0000	2032.88	31.95	1725.13	1134.54	679.84	1353.04	7736.73	0.290518869781	0.227696666798	0.0720012986502	0.227634068468	0.502453733814	3.80579768604	93858771-6cbe-443d-9ef1-a16081ab3b44	SNX	3.65952006696	0.127910523137	0.379618264207	4.63408580019	0.161974337651	0.480714294625	4.84357459224	0.169296560372	0.50244549712
6.58	42.88	309.26	-136.83	-152.45	28.61	9.19	346.42	20.66	60.64	95.86	14.99	63.13	109.48	T-3	11/30/2007	Ann	379.46	2010-October-24 01:23 +0000	1887.1	31.33	1588.23	1168.52	604.55	1282.55	6986.71	0.222410047162	0.201081023793	0.0580149435642	0.504680363339	0.471365638767	3.70235281649	93858771-6cbe-443d-9ef1-a16081ab3b44	SNX	2.99932838841	0.10483496639	0.145175623834	4.40295773976	0.153895761613	0.213115089049	4.74131348534	0.165722246954	0.229492424266
4.32	27.88	58.63	-24.31	-18.94	28.61	5.46	285.36	22.71	51.83	80.15	14.25	51.39	96.24	T-4	11/30/2006	Ann	316.33	2010-October-24 01:23 +0000	1382.73	30.48	1138.04	721.17	511.55	871.19	6343.51	0.301483297535	0.228772066853	0.0696014406283	0.794546310219	0.587185344184	4.58767076725	93858771-6cbe-443d-9ef1-a16081ab3b44	SNX	3.80779366218	0.133093102488	0.167670350603	5.45129841126	0.1905382178	0.240039560161	5.97155648732	0.208722701409	0.26294832617
3.94	13.64	-13.6	-11.62	11.15	28.61	4.81	238.56	15.65	39.55	63.46	-15.09	52.83	78.94	T-5	11/30/2005	Ann	264.94	2010-October-24 01:23 +0000	1082.49	28.95	992.81	642.28	437.23	645.26	5640.77	0.323818233887	0.244750528873	0.0729244611959	0.702147196479	0.677602826768	5.21092111705	93858771-6cbe-443d-9ef1-a16081ab3b44	SNX	4.12366968577	0.144133858293	0.263493270656	6.15115013465	0.215000004706	0.393044737038	6.59888185686	0.230649488181	0.42165379277
0.0	15.01	-77.87	103.34	-14.21	0.71	1.03	1.89	0.88	-33.57	-36.82	11.26	-26.2	-35.19	T-1	12/31/2009	Ann	-260.68	2010-October-24 01:23 +0000	33.01	37.0	18.39	4.85	20.17	12.85	6.1	0.410178733717	-7.89700090882	-1.06604059376	2.53385214008	1.56964980545	0.184792487125	7dd16ecb-d829-427e-a94b-91469fc65e0e	WEBM	-28.5691109639	-40.2381844562	-32.4648988226	-8.86317392206	-12.4833435522	-10.0717885478	-12.3766017726	-17.4318334825	-14.0643201961
0.0	3.76	-1.58	-12.55	12.16	0.71	3.59	3.58	0.38	-41.19	-33.12	-3.55	-116.68	-25.92	T-2	12/31/2008	Ann	-234.48	2010-October-24 01:23 +0000	165.02	35.97	28.66	117.35	34.88	130.14	8.86	-0.53745000606	-1.42091867652	-0.157071870076	0.105029967727	0.268019056401	0.0536904617622	7dd16ecb-d829-427e-a94b-91469fc65e0e	WEBM	-8.93196988291	-12.5802392717	-23.5051839024	-1.91074098916	-2.69118449178	-5.02826576095	-3.03590857372	-4.27592756862	-7.98923308874
0.0	7.3	18.74	-35.85	16.03	0.71	17.67	81.17	3.82	-82.21	-87.49	-1.59	-82.28	-80.63	T-3	12/31/2007	Ann	-117.8	2010-October-24 01:23 +0000	282.69	35.96	40.23	38.23	156.99	125.7	140.33	0.00707488768616	-0.416710884715	-0.285224097067	1.09281782021	1.24892601432	0.496409494499	7dd16ecb-d829-427e-a94b-91469fc65e0e	WEBM	-1.91739983821	-2.7005631524	-0.50193713042	-0.214107092946	-0.30155928584	-0.0560489772111	-0.364541116571	-0.513438192353	-0.0954296116678
0.0	8.89	7.56	-31.05	13.58	0.71	13.39	86.85	7.85	5.68	11.41	-9.66	11.49	16.35	T-4	12/31/2006	Ann	-35.52	2010-October-24 01:23 +0000	330.66	35.65	41.76	53.28	227.3	103.36	137.53	-0.0348394120849	-0.107421520595	0.0494465614226	2.70755127709	2.19910990712	0.415925724309	7dd16ecb-d829-427e-a94b-91469fc65e0e	WEBM	2.06260559482	2.90507830256	0.262752305073	1.37638461378	1.93856987857	0.17533561959	2.0110167942	2.83241802	0.256180483337
0.0	18.55	68.14	-105.87	26.33	0.71	6.58	76.91	15.27	60.0	40.31	-11.63	78.4	43.42	T-5	12/31/2005	Ann	-47.01	2010-October-24 01:23 +0000	308.91	34.87	51.89	57.18	205.36	103.55	113.75	-0.0171247288854	-0.152180246674	0.140558738791	5.14210429744	1.98319652342	0.368230228869	7dd16ecb-d829-427e-a94b-91469fc65e0e	WEBM	2.41846524862	3.40628908257	0.158380173453	1.49597721013	2.10701015511	0.0979683831125	3.68336639511	5.18783999311	0.241215873943

