D-0	Symbol	Date	Item	Total Revenues to Total Assets	Sales	Total Assets	Total Current Assets	Total Current Liabilities	Working Capital	Total Assets	Net Income	Dividends	Retained Earnings	EBIT	Market Value of Equity	Book Value of Total Liabilities	Working Capital / Total Assets	Retained Earnings / Total Assets	Earnings Before Interest and Taxes / Total Assets	 Market Value of Equity / Book Value of Total Liabilities	 Sales/ Total Assets	Altman Z	Altman Z Prime	Depreciation	Amoritization	Non-cash items	Changes in working capital	Capital Expenditures	Cash taxes paid	Cash flow from operating activities	FCF	Tax Rate	Cash Interest Paid Supplemental	FCFF	Stock Price	Total Common Shares Outstanding	Current Stock Price	S&P500	Dow Jones	Russell 3000	S&P small 600	Current S&P500	Current Dow Jones	Current Russell 3000	Current S&P small 600	
D-1	EGHT	3/31/2006	As of 2006-03-31	1.02474293059126	31.89	31.12	25.79	10.96	14.83	31.12	-23.25	0	-190.32	-24.99	106.995	18.15	0.47654241645244	-6.11568123393316	-0.8030205655527	5.89504132231405	1.02474293059126	-6.0793277130383	-3.83238984257154	0.79	0	-0.64	1.9	-1.9	-	-21.21	-23.11	40%	0.01	-23.104	1.75	61.14	1.39	1294.83	11109.32	75.69	394.83	1075.51	10099.14	63.38	324.04	
D-2	EGHT	3/31/2007	As of 2007-03-31	2.66182364729459	53.13	19.96	16.8	10.94	5.86	19.96	-9.93	0	-200.25	-14.33	89.5665	14.58	0.2935871743487	-10.0325651302605	-0.71793587174349	6.14310699588478	2.66182364729459	-9.71744892872164	-5.27813203567629	1.43	0	-1.68	0.25	-1.42	-	-9.92	-11.34	40%	0.01	-11.334	1.45	61.77	1.39	1424.55	12382.3	82.74	413.76	1075.51	10099.14	63.38	324.04	
D-3	EGHT	3/31/2008	As of 2008-03-31	2.86078886310905	61.65	21.55	19.41	13.26	6.15	21.55	0.03	0	-200.22	-3.72	60.8286	13.7	0.28538283062645	-9.29095127610209	-0.17262180974478	4.44004379562044	2.86078886310905	-7.71257001033075	-3.48205585177909	1.53	0	-0.48	1.95	-0.7	-	3.03	2.33	40%	0.01	2.336	0.98	62.07	1.39	1322.7	12262.89	76.21	364.59	1075.51	10099.14	63.38	324.04	
D-4	EGHT	3/31/2009	As of 2009-03-31	2.9583714547118	64.67	21.86	19.93	12.51	7.42	21.86	-2.5	0	-202.72	-3.07	35.739569	12.83	0.33943275388838	-9.27355901189387	-0.14043915827996	2.78562501948558	2.9583714547118	-8.4123244393608	-3.92665139849492	1.27	0	4.1	-0.61	-0.8	-	2.25	1.45	40%	0.01	1.456	0.5701	62.69	1.39	797.87	7608.92	45.88	222.43	1075.51	10099.14	63.38	324.04	
D-1	ADCT	10/31/2006	As of 2006-10-31	0.7644905051508	1231.9	1611.4	942.7	263.9	678.8	1611.4	93.3	0	-557.2	45.2	1677.132	737.9	0.42124860369865	-0.34578627280626	0.028050142733027	2.27284455888332	0.7644905051508	2.24139576350425	1.81071721690302	67.3	0	23.5	-50.3	-33	5.4	86.9	53.9	40%	13.3	61.88	14.31	117.2	6.65	1377.94	12080.73	79.59	389.94	1075.51	10099.14	63.38	324.04	
D-2	ADCT	10/31/2007	As of 2007-10-31	0.72342475067996	1276.7	1764.8	1008.2	474.1	534.1	1764.8	123.5	0	-450.9	48.6	2199.12	757.2	0.30264052583862	-0.25549637352675	0.027538531278332	2.90427892234548	0.72342475067996	2.56161954062397	2.0256138404948	68	0	-13.8	-29.7	-30.4	12.9	141.8	111.4	40%	17.3	121.78	18.7	117.6	6.65	1549.38	13930.01	89.58	431	1075.51	10099.14	63.38	324.04	
D-3	ADCT	10/31/2008	As of 2008-10-31	0.75814679854243	1456.4	1921	1077.4	278	799.4	1921	-44.4	0	-491.5	-38.9	705.642	1006.8	0.4161374284227	-0.25585632483082	-0.020249869859448	0.70087604290822	0.75814679854243	1.25225576629673	1.06697111345092	82.3	0	163.2	-27	-42.4	3.5	175.6	133.2	40%	26.3	148.98	6.34	111.3	6.65	968.75	9325.01	55.88	287.67	1075.51	10099.14	63.38	324.04	
D-4	ADCT	9/30/2009	As of 2009-09-30	0.74181303959512	996.7	1343.6	900.2	236	664.2	1343.6	-465.7	0	-965.9	-452.2	805.644	987.4	0.49434355462935	-0.71888955046145	-0.33655849955344	0.81592465059753	0.74181303959512	-0.29325013670311	-0.21822910730277	66.4	0	491.3	-6.3	-32	4.5	79.9	47.9	40%	29.1	65.36	8.34	96.6	6.65	1057.07	9712.28	61.99	317.43	1075.51	10099.14	63.38	324.04	
D-1	APKT	12/31/2006	As of 2006-12-31	0.54619282744283	84.07	153.92	145.46	22.61	122.85	153.92	28.86	0	0.57	23.18	1116.3442	22.99	0.79814189189189	0.003703222453222	0.15059771309771	48.5578164419313	0.54619282744283	31.1402637347014	21.9760536306631	3.48	0	1.1	-2.33	-6.41	0.34	26.33	19.92	40%	0	19.92	19.06	58.57	14.82	1416.6	12474.52	81.91	#N/A	1075.51	10099.14	63.38	324.04	
D-2	APKT	12/31/2007	As of 2007-12-31	0.61383504370962	113.05	184.17	173.24	19.76	153.48	184.17	19.56	0	20.13	24.53	760.8137	21.01	0.83336048216322	0.10930118911875	0.13319215941793	36.2119800095193	0.61383504370962	23.9329975838187	16.9187987213353	4.98	0	1.3	-9.63	-5.46	7.64	16.4	10.94	40%	0	10.94	12.59	60.43	14.82	1468.36	13264.82	84.4	#N/A	1075.51	10099.14	63.38	324.04	
D-3	APKT	12/31/2008	As of 2008-12-31	0.66869720131027	116.36	174.01	161.52	25.51	136.01	174.01	11.57	0	31.7	14.21	287.6694	27.2	0.78162174587667	0.18217343830814	0.081661973449802	10.5760808823529	0.66869720131027	8.47615045458848	6.0717182370097	5.04	0	7.93	7.35	-4.04	6.48	28.67	24.63	40%	0	24.63	5.26	54.69	14.82	903.25	8776.39	52	268.73	1075.51	10099.14	63.38	324.04	
D-4	APKT	12/31/2009	As of 2009-12-31	0.57333927775301	141.46	246.73	168.11	44.66	123.45	246.73	-	0	48.81	23.22	640.75	46.5	0.50034450614032	0.19782758480931	0.094110971507316	13.7795698924731	0.57333927775301	10.0284461060347	7.174160529402	0	0	0	45.26	-	-	45.26	#VALUE!	40%	0	#VALUE!	11	58.25	14.82	1115.1	10428.05	65.28	332.63	1075.51	10099.14	63.38	324.04	
D-1	ATGN	9/30/2006	As of 2006-09-30	1.22267759562842	17.9	14.64	13.66	2.63	11.03	14.64	-0.01	0	-51.16	-0.34	22.9368	2.81	0.75341530054645	-3.49453551912568	-0.023224043715847	8.16256227758007	1.22267759562842	2.05410157419832	2.15156714019019	0.22	0	0.84	-0.47	-0.38	0	0.57	0.19	40%	0.02	0.202	1.52	15.09	0.73	1331.32	11670.35	76.58	368.16	1075.51	10099.14	63.38	324.04	
D-2	ATGN	9/30/2007	As of 2007-09-30	1.17311475409836	17.89	15.25	14.37	2.82	11.55	15.25	-0.94	0	-52.09	-1.38	23.0349	2.9	0.75737704918033	-3.41573770491803	-0.090491803278688	7.94306896551724	1.17311475409836	1.76597973996608	1.87094076879593	0.25	0	0.61	-0.63	-0.07	0.01	-0.71	-0.78	40%	0.01	-0.774	1.47	15.67	0.73	1547.04	14087.55	89.12	433.09	1075.51	10099.14	63.38	324.04	
D-3	ATGN	9/30/2008	As of 2008-09-30	1.2787550744249	18.9	14.78	14.06	5.37	8.69	14.78	-3.94	0	-56.03	-4.25	15.6222	5.48	0.58795669824087	-3.79093369418133	-0.28755074424899	2.85076642335766	1.2787550744249	-2.5627404166214	-1.21135942830615	0.27	0	0.91	2.84	-0.18	0	0.08	-0.1	40%	0.01	-0.094	0.99	15.78	0.73	1164.74	10850.66	68.79	360.68	1075.51	10099.14	63.38	324.04	
D-4	ATGN	9/30/2009	As of 2009-09-30	1.53486319505737	17.39	11.33	10.34	5.34	5	11.33	-4.71	0	-60.74	-4.83	16.19	5.57	0.44130626654898	-5.36098852603707	-0.42630185348632	2.90664272890485	1.53486319505737	-5.10529856389275	-2.79638216330392	0.25	0	0.91	1.35	-0.33	0	-2.2	-2.53	40%	0.01	-2.524	1	16.19	0.73	1057.07	9712.28	61.99	317.43	1075.51	10099.14	63.38	324.04	
D-1	APSG	10/31/2006	As of 2006-10-31	1.18589321028345	161.91	136.53	89.45	22.27	67.18	136.53	4.33	-5.86	52.27	8.87	176.8928	30.9	0.49205302863839	0.38284626089504	0.064967406430821	5.7246860841424	1.18589321028345	5.96035980839945	4.4629169724496	5.28	0	4.48	-3.3	-5.04	6	10.79	5.75	40%	0.59	6.104	14.84	11.92	18.33	1377.94	12080.73	79.59	389.94	1075.51	10099.14	63.38	324.04	
D-2	APSG	10/31/2007	As of 2007-10-31	1.19372241294752	170.38	142.73	95.76	20.42	75.34	142.73	6.81	-6.07	52.95	11.3	178.0443	27.9	0.52784978630982	0.37098017235339	0.079170461710923	6.38151612903226	1.19372241294752	6.43549287646651	4.80599372788233	5.65	0	4.1	-2.4	-4.45	3.87	14.15	9.7	40%	0.56	10.036	14.37	12.39	18.33	1549.38	13930.01	89.58	431	1075.51	10099.14	63.38	324.04	
D-3	APSG	10/31/2008	As of 2008-10-31	1.17915453740033	186.33	158.02	108.12	25.51	82.61	158.02	8.02	-6.29	54.63	12.79	229.7344	33.29	0.52278192633844	0.3457157321858	0.080939121630173	6.90100330429558	1.17915453740033	6.6970168034861	4.99012528604488	6.14	0	4.74	9.27	-3.8	7	28.16	24.36	40%	0.38	24.588	17.92	12.82	18.33	968.75	9325.01	55.88	287.67	1075.51	10099.14	63.38	324.04	
D-4	APSG	10/31/2009	As of 2009-10-31	1.18491228070175	202.62	171	113.51	26.33	87.18	171	14.53	-6.51	62.6	22.87	268.2951	31.98	0.50982456140351	0.36608187134503	0.13374269005848	8.38946529080675	1.18491228070175	7.78306151366534	5.7927670010862	6.36	0	1.85	-5.57	-5.42	8.67	17.17	11.75	40%	0.28	11.918	20.31	13.21	18.33	1042.88	9789.44	60.74	298.69	1075.51	10099.14	63.38	324.04	
D-1	AUDC	12/31/2006	As of 2006-12-31	0.43716252299294	147.35	337.06	134.44	36.98	97.46	337.06	6.88	0	26.55	4.26	402.1505	172.37	0.28914733281908	0.078769358571174	0.012638699341364	2.33306549863665	0.43716252299294	2.33552626886098	1.72736792834391	5.54	0	10.25	-15.04	-3.07	1.24	6.63	3.56	40%	2.5	5.06	9.55	42.11	3.17	1416.6	12474.52	81.91	#N/A	1075.51	10099.14	63.38	324.04	
D-2	AUDC	12/31/2007	As of 2007-12-31	0.45934569943975	158.24	344.49	162.31	37.63	124.68	344.49	-3.88	0	22.66	-4.19	218.0354	170	0.36192632587303	0.065778397050713	-0.012162907486429	1.28256117647059	0.45934569943975	1.71468681183608	1.27207968262239	7.79	0	9.66	-3.57	-2.63	0.4	12.39	9.76	40%	2.5	11.26	5.06	43.09	3.17	1468.36	13264.82	84.4	#N/A	1075.51	10099.14	63.38	324.04	
D-3	AUDC	12/31/2008	As of 2008-12-31	0.7587494572297	174.74	230.3	169.66	113.25	56.41	230.3	-84.56	0	0	-79.44	69.9132	147.18	0.24494138080764	0	-0.34494138080764	0.47501834488382	0.7587494572297	0.19862481500671	0.061329763036179	7.44	0	97.09	-3.39	-3.16	-	16.41	13.25	40%	0	13.25	1.74	40.18	3.17	903.25	8776.39	52	268.73	1075.51	10099.14	63.38	324.04	
D-4	AUDC	12/31/2009	As of 2009-12-31	0.8533179692266	125.89	147.53	88.52	34.16	54.36	147.53	-2.56	0	0	-0.18	101.8831	63.65	0.36846743035315	0	-0.001220090828984	1.60067714061273	0.8533179692266	2.25100555231314	1.78172532632637	5.02	0	4.43	14.09	-1.27	-	20.98	19.71	40%	0	19.71	2.53	40.27	3.17	1115.1	10428.05	65.28	332.63	1075.51	10099.14	63.38	324.04	
D-1	AVNW	3/31/2006	As of 2006-03-31	1.27683459602942	230.89	180.83	156.18	81.11	75.07	180.83	-2.3	0	-416.02	2.32	#N/A	118.49	0.41514129292706	-2.30061383619975	0.012829729580269	#N/A	1.27683459602942	#N/A	#N/A	7.42	0	1.51	-9.77	-3.53	1.43	-3.13	-6.66	40%	1.1	-6	#N/A	96.93	6.23	1294.83	11109.32	75.69	394.83	1075.51	10099.14	63.38	324.04	
D-2	AVNW	6/29/2007	As of 2007-06-29	0.49527059970746	507.9	1025.5	459.6	214.1	245.5	1025.5	-21.8	0	-24.2	-27.4	#N/A	279.1	0.23939541686982	-0.023598244758654	-0.02671867381765	#N/A	0.49527059970746	#N/A	#N/A	14.5	25.8	11.2	-29.8	-8.3	6.6	-13.1	-21.4	40%	2	-20.2	#N/A	58.31	6.23	1503.35	13408.62	87.03	432.31	1075.51	10099.14	63.38	324.04	
D-3	AVNW	6/27/2008	As of 2008-06-27	0.73508646270337	718.4	977.3	460.1	201	259.1	977.3	-11.9	0	-36.1	-13.7	#N/A	229.1	0.26511818274839	-0.036938504041748	-0.014018213445206	#N/A	0.73508646270337	#N/A	#N/A	19.8	13.9	17.8	7.9	-9.2	2.2	40	30.8	40%	2.7	32.42	#N/A	58.47	6.23	1278.38	11346.51	75.03	368.47	1075.51	10099.14	63.38	324.04	
D-4	AVNW	7/3/2009	As of 2009-07-03	1.1327890703099	679.9	600.2	436.1	194.4	241.7	600.2	-355	0	-391.1	-335.3	#N/A	212.3	0.4026991002999	-0.65161612795735	-0.55864711762746	#N/A	1.1327890703099	#N/A	#N/A	24.3	13.8	345.5	26.7	-15.8	2.6	71.3	55.5	40%	2.8	57.18	#N/A	58.9	6.23	896.42	8280.74	52.44	263.12	1075.51	10099.14	63.38	324.04	
D-1	AWRE	12/31/2006	As of 2006-12-31	0.44074006228247	24.06	54.59	44.26	2.89	41.37	54.59	-2.47	0	-30.79	-0.4	126.474	3.22	0.75783110459791	-0.56402271478293	-0.007327349331379	39.2776397515528	0.44074006228247	24.1024684451797	16.9740853397262	0.61	0	0	-0.16	-0.37	-	-2.01	-2.38	40%	0	-2.38	5.35	23.64	2.74	1416.6	12474.52	81.91	399.2	1075.51	10099.14	63.38	324.04	
D-2	AWRE	12/31/2007	As of 2007-12-31	0.46896062433487	26.44	56.38	47.85	2.82	45.03	56.38	1.03	0	-30.63	-1.83	100.17	3.15	0.79868747782902	-0.54327775807024	-0.032458318552678	31.8	0.46896062433487	19.6392153245832	13.830313763746	0.69	0	1.94	-0.85	-0.67	-	2.81	2.14	40%	0	2.14	4.2	23.85	2.74	1468.36	13264.82	#N/A	#N/A	1075.51	10099.14	63.38	324.04	
D-3	AWRE	12/31/2008	As of 2008-12-31	0.53032145960035	30.52	57.55	49.98	2.69	47.29	57.55	0.16	0	-28.85	0.63	43.5336	3.02	0.82172024326672	-0.501303214596	0.010947002606429	14.4150993377483	0.53032145960035	9.49921564087664	6.77635579657194	0.88	0	1.12	-3.42	-0.56	-	-1.26	-1.82	40%	0	-1.82	1.87	23.28	2.74	903.25	8776.39	#N/A	#N/A	1075.51	10099.14	63.38	324.04	
D-4	AWRE	12/31/2009	As of 2009-12-31	0.42837706511176	22.04	51.45	44.35	2.5	41.85	51.45	1.78	0	0	-5.48	55.384	3.09	0.8134110787172	0	-0.10651117589893	17.9236245954693	0.42837706511176	11.8067298593224	8.20277986168115	0.92	0	1.48	5.23	-0.45	-	9.41	8.96	40%	0	8.96	2.8	19.78	2.74	1115.1	10428.05	65.28	332.63	1075.51	10099.14	63.38	324.04	
D-1	BBND	12/31/2006	As of 2006-12-31	1.36861681518791	176.62	129.05	109.13	84.07	25.06	129.05	-25.5	0	-111.29	12.76	#N/A	107.36	0.19418829910887	-0.8623789228981	0.098876404494382	#N/A	1.36861681518791	#N/A	#N/A	5.92	0.57	2.5	17.95	-5.98	0	1.44	-4.54	40%	1.04	-3.916	#N/A	57.12	2.95	1416.6	12474.52	81.91	399.2	1075.51	10099.14	63.38	324.04	
D-2	BBND	12/31/2007	As of 2007-12-31	0.80749348094606	176.51	218.59	193.22	83.92	109.3	218.59	8.88	0	-136.66	-24.75	318.2174	107	0.50002287387346	-0.62518870945606	-0.11322567363557	2.97399439252336	0.80749348094606	1.94220115539141	1.52943795411458	6.15	0.57	3.92	29.24	-10.94	0.36	48.77	37.83	40%	1.4	38.67	5.14	61.91	2.95	1468.36	13264.82	#N/A	#N/A	1075.51	10099.14	63.38	324.04	
D-3	BBND	12/31/2008	As of 2008-12-31	0.79143174440458	185.29	234.12	210.84	68.44	142.4	234.12	-25.37	0	-126.88	5.98	356.8128	95.7	0.60823509311464	-0.54194430206732	0.02554245685973	3.72845141065831	0.79143174440458	3.0831613555356	2.4078001819178	9.77	0.57	16.75	19.13	-12.32	3.94	20.86	8.54	40%	0.51	8.846	5.52	64.64	2.95	903.25	8776.39	#N/A	#N/A	1075.51	10099.14	63.38	324.04	
D-4	BBND	12/31/2009	As of 2009-12-31	0.62395455968514	139.51	223.59	201.51	54.02	147.49	223.59	9.78	0	-133.62	-10.16	228.5192	73.31	0.65964488572834	-0.59761169998658	-0.045440314862024	3.11716273359705	0.62395455968514	2.2985926891318	1.75322078158274	9.83	0.73	9.93	-6.74	-11.08	2.87	23.53	12.45	40%	0	12.45	3.44	66.43	2.95	1115.1	10428.05	65.28	332.63	1075.51	10099.14	63.38	324.04	
D-1	CMRO	1/31/2006	As of 2006-01-31	0.88787878787879	46.88	52.8	46.14	16.7	29.44	52.8	6.33	0	21.31	-0.21	87.8899	16.7	0.55757575757576	0.40359848484848	-0.003977272727273	5.26286826347305	0.88787878787879	5.26571565505353	3.82190486005262	3.83	0	-4.94	2.03	-1.11	0	7.26	6.15	40%	0	6.15	11.845	7.42	2.54	1280.08	10864.86	74.23	379.84	1075.51	10099.14	63.38	324.04	
D-2	CMRO	1/31/2007	As of 2007-01-31	0.92939116903326	47.78	51.41	44.08	10.46	33.62	51.41	1.78	0	23.09	-0.5	56.3805	13.42	0.65395837385723	0.44913440964793	-0.009725734292939	4.20122950819672	0.92939116903326	4.83064278175133	3.50662629424013	3.15	0	-0.34	-1.65	-3.33	0.21	2.99	-0.34	40%	0	-0.34	7.65	7.37	2.54	1438.24	12621.69	83.54	408.01	1075.51	10099.14	63.38	324.04	
D-3	CMRO	1/31/2008	As of 2008-01-31	0.16666666666667	5.43	32.58	27.27	9.55	17.72	32.58	-10.17	-7.37	5.65	-11.71	39.7286	11.77	0.5438919582566	0.17341927562922	-0.35942295887047	3.37541206457094	0.16666666666667	1.90110881025883	1.0028446447748	0.92	0	4.01	1.89	-0.75	0.53	-3.4	-4.15	40%	0.01	-4.144	5.42	7.33	2.54	1378.55	12650.36	#N/A	375.51	1075.51	10099.14	63.38	324.04	
D-4	CMRO	1/31/2009	As of 2009-01-31	0.62679647658785	13.52	21.57	20.21	4.67	15.54	21.57	-9.7	0	1.18	-13.19	6.56035	4.95	0.72044506258693	0.054705609643023	-0.61149745016226	1.32532323232323	0.62679647658785	0.34454396257428	-0.15561180848822	0.98	0	10.61	-4.87	-0.49	0.02	-2.98	-3.47	40%	0	-3.47	0.895	7.33	2.54	825.44	7936.83	47.62	236.24	1075.51	10099.14	63.38	324.04	
D-1	CAMP	2/28/2006	As of 2006-02-28	0.96359187668216	196.91	204.35	99.24	21.87	77.37	204.35	14.56	0	44.19	27.08	233.16	28.24	0.37861512111573	0.21624663567409	0.13251773917299	8.25637393767705	0.96359187668216	7.11084462196518	5.29212437459755	4.37	0	1.51	-4.3	-2.3	2.72	22.38	20.08	40%	0.45	20.35	10.05	23.2	2.85	1280.66	10993.41	74.52	376.76	1075.51	10099.14	63.38	324.04	
D-2	CAMP	2/28/2007	As of 2007-02-28	0.92168045276448	211.71	229.7	113.52	38.64	74.88	229.7	-31.19	0	13	5.58	209.7151	78.45	0.32599042228994	0.056595559425337	0.024292555507183	2.67323263224984	0.92168045276448	3.07528607477872	2.39729135813527	6.92	0	38.5	1.01	-2.83	-1.36	16.72	13.89	40%	1.96	15.066	8.89	23.59	2.85	1406.82	12268.63	82.15	405.53	1075.51	10099.14	63.38	324.04	
D-3	CAMP	2/28/2008	As of 2008-02-28	0.98510906040268	140.91	143.04	66.77	40.06	26.71	143.04	-84.15	0	-71.15	-100.82	71.6144	69.62	0.18673098434004	-0.49741331096197	-0.70483780760626	1.02864694053433	0.98510906040268	-1.19695410357649	-1.05855672177648	9.68	0	74.69	19.09	-1.36	-1.65	-1.48	-2.84	40%	2.32	-1.448	2.86	25.04	2.85	1367.68	12582.18	79.17	374.51	1075.51	10099.14	63.38	324.04	
D-4	CAMP	2/28/2009	As of 2009-02-28	1.41234745154343	98.37	69.65	44.17	45.46	-1.29	69.65	-49.66	0	-120.81	-44.98	12.61	46.45	-0.018521177315147	-1.73452979181622	-0.64580043072505	0.27147470398278	1.41234745154343	-3.00788861623201	-1.96073597249665	6.55	0	46	7.5	-0.83	-0.79	13.76	12.93	40%	1.61	13.896	0.5	25.22	2.85	700.82	6763.29	40.74	195.07	1075.51	10099.14	63.38	324.04	
D-1	CBEY	12/31/2005	As of 2005-12-31	1.38552643037534	159.1	114.83	52.94	39.73	13.21	114.83	3.74	0	-155.78	5.38	265.6	40.25	0.11503962379169	-1.3566141252286	0.046851867978751	6.59875776397515	1.38552643037534	3.73679449988993	3.23210039794176	24.16	0	-1.35	3.1	-21.33	0	29.65	8.32	40%	4.03	10.738	10	26.56	12.48	1268.8	10847.41	73.03	356.02	1075.51	10099.14	63.38	324.04	
D-2	CBEY	12/31/2006	As of 2006-12-31	1.4813352725258	213.89	144.39	68.53	52.62	15.91	144.39	7.78	0	-148	6.44	811.632	53.28	0.11018768612785	-1.02500173142184	0.044601426691599	15.2333333333333	1.4813352725258	9.46426144469839	7.22469381536118	27.8	0	7.69	0.39	-42.09	0.22	43.66	1.56999999999999	40%	0.12	1.642	29.6	27.42	12.48	1416.6	12474.52	81.91	399.2	1075.51	10099.14	63.38	324.04	
D-3	CBEY	12/31/2007	As of 2007-12-31	1.41172615446663	280.03	198.36	90.53	63.12	27.41	198.36	21.5	0	-126.5	10.15	1099.9079	71.04	0.13818310143174	-0.63772938092357	0.051169590643275	15.4829377815315	1.41172615446663	10.141935334779	7.62831551776936	31.97	0	14.15	3.81	-54.97	0.01	61.81	6.84	40%	0.13	6.91800000000001	38.99	28.21	12.48	1468.36	13264.82	#N/A	#N/A	1075.51	10099.14	63.38	324.04	
D-4	CBEY	12/31/2008	As of 2008-12-31	1.64572450468257	349.7	212.49	76.83	59.15	17.68	212.49	3.7	0	-122.8	6.17	454.3114	68.95	0.083203915478375	-0.57790954868464	0.029036660548732	6.58899782451051	1.64572450468257	4.98406978511056	4.06941118192244	41.51	0	19.93	-19.1	-67.61	0	48.63	-18.98	40%	0.13	-18.902	15.98	28.43	12.48	903.25	8776.39	#N/A	#N/A	1075.51	10099.14	63.38	324.04	
D-1	CRNT	12/31/2006	As of 2006-12-31	1.1252724442138	108.42	96.35	83.78	36.51	47.27	96.35	-5.46	0	-133.7	-6.74	149.2736	48.79	0.49060716139076	-1.38764919564089	-0.069953295277634	3.05951219512195	1.1252724442138	1.37502833419824	1.36415402179554	1.19	0	2.15	-2.23	-1.39	0.21	-4.35	-5.74	40%	0	-5.74	5.44	27.44	11.86	1416.6	12474.52	81.91	399.2	1075.51	10099.14	63.38	324.04	
D-2	CRNT	12/31/2007	As of 2007-12-31	0.74384304355817	161.89	217.64	179.23	46.81	132.42	217.64	13.14	0	-120.56	11.95	365.1388	56.75	0.60843594927403	-0.55394229002022	0.054907186179011	6.43416387665198	0.74384304355817	4.73939517399707	3.57771686715726	1.34	0	1.18	-19.99	-2.85	0.29	-4.33	-7.18	40%	0.52	-6.868	9.89	36.92	11.86	1468.36	13264.82	#N/A	#N/A	1075.51	10099.14	63.38	324.04	
D-3	CRNT	12/31/2008	As of 2008-12-31	0.88968962410941	217.28	244.22	190.95	54.66	136.29	244.22	25.98	0	-94.59	12.96	179.7295	61.3	0.55806240275162	-0.38731471623946	0.053066906887233	2.93196574225122	0.88968962410941	2.9505344531306	2.35201200925596	2.07	0	2.92	-31.16	-5.03	0.54	-11.54	-16.57	40%	0.34	-16.366	5.05	35.59	11.86	903.25	8776.39	#N/A	#N/A	1075.51	10099.14	63.38	324.04	
D-4	CRNT	12/31/2009	As of 2009-12-31	0.6838920443999	184.22	269.37	230.58	81.29	149.29	269.37	3.65	0	-90.93	2.65	402.2124	88.47	0.55421910383487	-0.33756543044883	0.009837769610573	4.54631400474737	0.6838920443999	3.6359325168923	2.73005087223037	3.28	0	3.56	6.59	-6.74	-	16.81	10.07	40%	0	10.07	11.74	34.26	11.86	1115.1	10428.05	65.28	332.63	1075.51	10099.14	63.38	324.04	
D-1	CLRO	6/30/2006	As of 2006-06-30	0.83385655638735	34.53	41.41	39.74	10.87	28.87	41.41	-0.37	0	-22.36	-2.39	#N/A	10.99	0.69717459550833	-0.53996619174113	-0.057715527650326	#N/A	0.83385655638735	#N/A	#N/A	1.39	0	2.32	-1.17	-0.22	-1.42	2.16	1.94	40%	0	1.94	#N/A	12.18	3.05	1270.2	11150.22	73.71	375.97	1075.51	10099.14	63.38	324.04	
D-2	CLRO	6/30/2007	As of 2007-06-30	0.9671772428884	39.78	41.13	38.39	9.4	28.99	41.13	4.79	0	-17.34	3.73	50.499	10.88	0.70483831752978	-0.42159008023341	0.090688062241673	4.64145220588235	0.9671772428884	4.30593186328142	3.33913421531085	0.87	0	1.46	-0.34	-0.91	-3.2	6.78	5.87	40%	0	5.87	4.65	10.86	3.05	1519.43	13535.43	#N/A	#N/A	1075.51	10099.14	63.38	324.04	
D-3	CLRO	6/30/2008	As of 2008-06-30	0.86190793862575	38.76	44.97	29.55	11.65	17.9	44.97	5.24	0	-12.37	1.14	40.3062	13.41	0.39804313987103	-0.27507227040249	0.025350233488993	3.00568232662192	0.86190793862575	2.8406617864557	2.2507808400231	0.77	0	0.14	2.19	-0.83	1.7	3.52	2.69	40%	0.01	2.696	3.94	10.23	3.05	1280	11350.01	#N/A	#N/A	1075.51	10099.14	63.38	324.04	
D-4	CLRO	6/30/2009	As of 2009-06-30	0.87392900856793	35.7	40.85	28.32	10.63	17.69	40.85	2.23	0	-10.14	2.78	25.8077	12.37	0.43304773561812	-0.24822521419829	0.068053855569155	2.08631366208569	0.87392900856793	2.52156298305313	2.05661697675408	0.72	0	3.85	-8.98	-1.07	1.64	-1.92	-2.99	40%	0	-2.99	2.89	8.93	3.05	919.32	8447	#N/A	#N/A	1075.51	10099.14	63.38	324.04	
D-1	CLFD	3/31/2007	As of 2007-03-31	1.16793893129771	18.36	15.72	10.23	2.01	8.22	15.72	-2.15	0	-38.65	-1.43	15.0749	2.25	0.52290076335878	-2.45865139949109	-0.090966921119593	6.69995555555556	1.16793893129771	2.07192244274809	1.98636873791349	0.65	0	0.53	-0.08	-0.58	0.01	-1.29	-1.87	40%	0.04	-1.846	1.27	11.87	2.36	1424.55	12382.3	82.74	#N/A	1075.51	10099.14	63.38	324.04	
D-2	CLFD	9/30/2007	As of 2007-09-30	0.67144719687093	10.3	15.34	10.24	2.52	7.72	15.34	-1.29	0	-39.94	-0.45	12.5822	3.13	0.50325945241199	-2.60365058670143	-0.029335071707953	4.01987220447284	0.67144719687093	-0.055306142766098	0.41953407033753	0.21	0	0.19	-0.02	-0.23	0	-0.85	-1.08	40%	0.01	-1.074	1.06	11.87	2.36	1547.04	14087.55	89.12	433.09	1075.51	10099.14	63.38	324.04	
D-3	CLFD	9/30/2008	As of 2008-09-30	1.38176470588235	23.49	17	9.07	3.12	5.95	17	1.51	0	-38.43	1	13.8504	3.41	0.35	-2.26058823529412	0.058823529411765	4.0617008797654	1.38176470588235	1.26669758668277	1.60105025185441	0.5	0	0.18	-0.26	-1.9	0	2.02	0.12	40%	0.01	0.126	1.16	11.94	2.36	1164.74	10850.66	68.79	360.68	1075.51	10099.14	63.38	324.04	
D-4	CLFD	9/30/2009	As of 2009-09-30	1.22075379344102	24.94	20.43	10.9	2.49	8.41	20.43	3.78	0	-34.64	1.21	53.2665	2.58	0.41164953499755	-1.69554576603035	0.059226627508566	20.6459302325581	1.22075379344102	11.9227544195153	8.92934943482567	0.43	0	0.15	0.11	-0.18	0.02	2.09	1.91	40%	0.01	1.916	4.45	11.97	2.36	1057.07	9712.28	61.99	317.43	1075.51	10099.14	63.38	324.04	
D-1	JCS	12/31/2005	As of 2005-12-31	1.2422480620155	115.38	92.88	78.75	11.7	67.05	92.88	4.47	-2.31	47.35	5.87	104.7336	13.03	0.7218992248062	0.50979758828596	0.063199827734712	8.03788181120491	1.2422480620155	7.85229002556877	5.75594039946575	2.02	0	-0.33	-1.15	-3.24	2.51	4.58	1.34	40%	0.04	1.364	12.08	8.67	12.45	1268.8	10847.41	73.03	356.02	1075.51	10099.14	63.38	324.04	
D-2	JCS	12/31/2006	As of 2006-12-31	1.24503882657463	115.44	92.72	78.41	9.45	68.96	92.72	4.5	-2.97	48.2	5.03	89.4825	10.18	0.74374460742019	0.51984469370147	0.054249352890423	8.79002946954813	1.24503882657463	8.31711043410162	6.07090124692549	2.35	0	0.08	-0.58	-2.53	1.98	6.64	4.11	40%	0.03	4.128	10.25	8.73	12.45	1416.6	12474.52	81.91	399.2	1075.51	10099.14	63.38	324.04	
D-3	JCS	12/31/2007	As of 2007-12-31	1.20325526002382	121.24	100.76	80.78	11.78	69	100.76	7.51	-3.69	49.78	10.26	101.3698	15.83	0.68479555379119	0.49404525605399	0.10182612147678	6.40365129500948	1.20325526002382	6.89368700566785	5.11070444505523	2.16	0	-0.69	0.77	-4.68	3.59	10.59	5.91	40%	0.27	6.072	11.87	8.54	12.45	1468.36	13264.82	84.4	#N/A	1075.51	10099.14	63.38	324.04	
D-4	JCS	12/31/2008	As of 2008-12-31	1.24265748430221	122.7	98.74	80.82	10.09	70.73	98.74	6.61	-4.13	50.5	10.59	64.584	15.01	0.71632570386875	0.5114441968807	0.10725136722706	4.30273151232512	1.24265748430221	5.75259596633775	4.3215831274188	1.86	0	2.92	-0.69	-2.46	4.03	10.22	7.76	40%	0.21	7.886	7.8	8.28	12.45	903.25	8776.39	52	#N/A	1075.51	10099.14	63.38	324.04	
D-1	CMTL	7/31/2006	As of 2006-07-31	0.85995123772706	391.51	455.27	398.45	89.46	308.99	455.27	45.27	0	112.64	63.93	634.0384	201.02	0.67869615832363	0.24741362268544	0.1404221670657	3.1541060590986	0.85995123772706	4.37576253501327	3.30969820880103	6.24	2.46	4.98	-15.45	-12.52	16.57	44.33	31.81	40%	2.14	33.094	27.76	22.84	31.36	1276.66	11185.68	73.74	#N/A	1075.51	10099.14	63.38	324.04	
D-2	CMTL	7/31/2007	As of 2007-07-31	0.80109285688608	445.68	556.34	494.59	97.51	397.08	556.34	65.21	0	177.85	84.92	1035.0207	210.57	0.71373620447928	0.31967861379732	0.15264047165402	4.91532839435817	0.80109285688608	5.55723586179375	4.11463454999683	7.54	2.59	4.28	9.77	-12.11	24.78	89.24	77.13	40%	2.15	78.42	43.47	23.81	31.36	1455.27	13211.99	84.18	#N/A	1075.51	10099.14	63.38	324.04	
D-3	CMTL	7/31/2008	As of 2008-07-31	0.8139851788339	531.63	653.12	581.99	97.54	484.45	653.12	76.43	0	254.28	106.79	1198.2807	210.32	0.74174730524253	0.38933121019108	0.16350747182754	5.69741679345759	0.8139851788339	6.20635638731904	4.56854954614783	9.2	1.71	11.96	-18.78	-14.26	43.84	77.78	63.52	40%	2.12	64.792	49.13	24.39	31.36	1267.38	11378.02	73.96	#N/A	1075.51	10099.14	63.38	324.04	
D-4	CMTL	7/31/2009	As of 2009-07-31	0.62468173053363	586.37	938.67	689.05	92.53	596.52	938.67	49.56	0	303.84	76.93	898.0966	309.54	0.63549490236185	0.32369203234364	0.081956385098064	2.90139109646572	0.62468173053363	3.85111050562145	2.82144995346414	12.5	7.59	20.21	-1.17	-13.59	20.79	88.53	74.94	40%	2.11	76.206	31.87	28.18	31.36	987.48	9171.61	57.66	#N/A	1075.51	10099.14	63.38	324.04	
D-1	TBUS	12/31/2005	As of 2005-12-31	1.28435171385991	43.09	33.55	18.6	14.64	3.96	33.55	-5.92	-0.15	-18.52	-5	14.6923	15.98	0.11803278688525	-0.55201192250373	-0.14903129657228	0.91941802252816	1.28435171385991	0.7117375497315	0.82219074084782	1.1	0.11	2.52	2.45	-1.45	0.23	0.17	-1.28	40%	0.45	-1.01	1.51	9.73	1.62	1268.8	10847.41	73.03	356.02	1075.51	10099.14	63.38	324.04	
D-2	TBUS	12/31/2006	As of 2006-12-31	1.32257196663976	49.16	37.17	22.07	18.42	3.65	37.17	-3.89	-0.13	-22.41	-3.14	12.261	19.97	0.098197471078827	-0.60290556900726	-0.084476728544525	0.61397095643465	1.32257196663976	0.6846279330214	0.87497595343782	1.15	0.11	0.82	-1.42	-0.43	0.32	-3.17	-3.6	40%	0.65	-3.21	1.22	10.05	1.62	1416.6	12474.52	81.91	399.2	1075.51	10099.14	63.38	324.04	
D-3	TBUS	12/31/2007	As of 2007-12-31	1.48882035466461	57.93	38.91	23.3	17.63	5.67	38.91	0.67	-0.12	-21.89	2.26	27.1917	19.42	0.14572089437163	-0.56258031354408	0.058082755075816	1.40019052523172	1.48882035466461	1.90637157548342	1.88093558471966	1.07	0.14	0.87	-0.64	-0.96	0.37	1.87	0.91	40%	0.68	1.318	2.43	11.19	1.62	1468.36	13264.82	84.4	#N/A	1075.51	10099.14	63.38	324.04	
D-4	TBUS	12/31/2008	As of 2008-12-31	1.78813988849468	70.56	39.46	24.61	14.76	9.85	39.46	1.5	-0.11	-20.4	3.91	12.5023	21.73	0.24961986822098	-0.51697921946275	0.09908768373036	0.57534744592729	1.78813988849468	2.03432250709008	2.07273006312322	0.93	0.15	1.53	-4.2	-2.04	0.8	0.02	-2.02	40%	0.9	-1.48	1.09	11.47	1.62	903.25	8776.39	52	#N/A	1075.51	10099.14	63.38	324.04	
D-1	DSPG	12/31/2006	As of 2006-12-31	0.52404647455253	216.95	413.99	210.93	41.17	169.76	413.99	29.47	0	195.2	13.42	620.103	47.24	0.41005821396652	0.47150897364671	0.032416241938211	13.1266511430991	0.52404647455253	9.65866913219872	6.82719164430847	4.6	1.15	3.28	-13.05	-9.62	10.95	25.16	15.54	40%	0	15.54	21.85	28.38	7.19	1416.6	12474.52	81.91	399.2	1075.51	10099.14	63.38	324.04	
D-2	DSPG	12/31/2007	As of 2007-12-31	0.48512206536152	248.79	512.84	213.45	77.19	136.26	512.84	22.38	0	187.06	-12.9	381.006	87.99	0.26569690351767	0.3647531393807	-0.025154044146322	4.33010569382884	0.48512206536152	3.82918269326478	2.72240938633831	6	1.14	13.23	-11.84	-6.94	7.29	30.27	23.33	40%	0	23.33	12.2	31.23	7.19	1468.36	13264.82	84.4	#N/A	1075.51	10099.14	63.38	324.04	
D-3	DSPG	12/31/2008	As of 2008-12-31	1.22688064192578	305.8	249.25	152.82	60.47	92.35	249.25	-4.75	0	-28.19	-206.71	214.3746	70.63	0.37051153460381	-0.11309929789368	-0.82932798395186	3.03517768653547	1.22688064192578	0.59625285063743	0.095552842988828	6.08	11.87	29.03	18.15	-3.4	6.78	55.49	52.09	40%	0	52.09	8.02	26.73	7.19	903.25	8776.39	52	#N/A	1075.51	10099.14	63.38	324.04	
D-4	DSPG	12/31/2009	As of 2009-12-31	0.96550939618692	212.19	219.77	110.79	42.78	68.01	219.77	-212.39	0	-38.94	-22.93	128.927	54.28	0.30945988988488	-0.17718523911362	-0.10433635164035	2.37522107590273	0.96550939618692	2.168659105022	1.70736916347763	7.33	204.81	18.51	-10.15	-8.19	3.19	16.37	8.18	40%	0	8.18	5.63	22.9	7.19	1115.1	10428.05	65.28	332.63	1075.51	10099.14	63.38	324.04	
D-1	DITC	4/30/2006	As of 2006-04-30	0.25037617983676	54.91	219.31	155.21	20.09	135.12	219.31	-0.88	0	-91.68	-5.67	303.0768	20.73	0.61611417628015	-0.41803839314213	-0.025853814235557	14.6202026049204	0.25037617983676	9.09101304076904	6.39357624358096	3.51	0.82	1.92	7.96	-2.56	0.19	14.48	11.92	40%	0	11.92	9.36	32.38	1.3	1305.19	11343.29	76.01	394.02	1075.51	10099.14	63.38	324.04	
D-2	DITC	4/30/2007	As of 2007-04-30	0.37105751391466	84	226.38	165.41	14.03	151.38	226.38	5.32	0	-86.37	2.01	287.448	14.44	0.66869864829048	-0.38152663662868	0.008878876225815	19.9063711911357	0.37105751391466	12.6121105492958	8.91013879452562	2.72	0.98	6.18	-15.67	-3.69	0.09	2.48	-1.21	40%	0	-1.21	8.7	33.04	1.3	1482.37	13062.91	85.91	420.83	1075.51	10099.14	63.38	324.04	
D-3	DITC	4/30/2008	As of 2008-04-30	0.38505431800724	35.09	91.13	70.18	8.7	61.48	91.13	-94.65	0	-180.65	-49.45	74.3565	9.08	0.67464062328542	-1.98233293097772	-0.54263140568419	8.18904185022026	0.38505431800724	1.54171337963726	0.94148327883727	2.53	0.98	25.81	0.86	-2.29	0.55	-18.64	-20.93	40%	0	-20.93	2.85	26.09	1.3	1385.59	12820.13	79.97	378.9	1075.51	10099.14	63.38	324.04	
D-4	DITC	4/30/2009	As of 2009-04-30	0.2921365914787	18.65	63.84	55.27	6.12	49.15	63.84	-26.8	0	-207.45	-23.67	25.737426	6.4	0.76989348370927	-3.24953007518797	-0.37077067669173	4.0214728125	0.2921365914787	-2.14428501550752	-1.37454579844925	2.34	0.1	6.8	0.2	-0.94	0.09	-17.36	-18.3	40%	0	-18.3	0.9801	26.26	1.3	872.81	8168.12	50.97	260.93	1075.51	10099.14	63.38	324.04	
D-1	DRWI	2/29/2008	As of 2008-02-29	0.67547232904197	40.4	59.81	56.99	11.32	45.67	59.81	-8.25	0	-71.87	-7.21	#N/A	11.32	0.76358468483531	-1.20163852198629	-0.12054840327704	#N/A	0.67547232904197	#N/A	#N/A	0.56	0	1.37	-3.95	-2.81	-	-10.27	-13.08	40%	0.2	-12.96	#N/A	28.44	12.51	1330.63	12266.39	77.17	363.69	1075.51	10099.14	63.38	324.04	
D-2	DRWI	2/28/2009	As of 2009-02-28	0.83600231526143	43.33	51.83	49.15	8.53	40.62	51.83	-5.99	0	-77.86	-11.12	#N/A	8.53	0.78371599459772	-1.50221879220529	-0.21454755932857	#N/A	0.83600231526143	#N/A	#N/A	1.07	0	-0.28	-5.16	-0.92	-	-10.36	-11.28	40%	0.04	-11.256	#N/A	28.56	12.51	700.82	6763.29	40.74	195.07	1075.51	10099.14	63.38	324.04	
D-3	DRWI	#VALUE!	#VALUE!	#VALUE!	#VALUE!	#VALUE!	#VALUE!	#VALUE!	#VALUE!	#VALUE!	#VALUE!	#VALUE!	#VALUE!	#VALUE!	#VALUE!	#VALUE!	#VALUE!	#VALUE!	#VALUE!	#VALUE!	#VALUE!	#VALUE!	#VALUE!	#VALUE!	#VALUE!	#VALUE!	#VALUE!	#VALUE!	#VALUE!	#VALUE!	#VALUE!	40%	#VALUE!	#VALUE!	#N/A	#VALUE!	12.51	#N/A	#N/A	#N/A	#N/A	1075.51	10099.14	63.38	324.04	
D-4	DRWI	#VALUE!	#VALUE!	#VALUE!	#VALUE!	#VALUE!	#VALUE!	#VALUE!	#VALUE!	#VALUE!	#VALUE!	#VALUE!	#VALUE!	#VALUE!	#VALUE!	#VALUE!	#VALUE!	#VALUE!	#VALUE!	#VALUE!	#VALUE!	#VALUE!	#VALUE!	#VALUE!	#VALUE!	#VALUE!	#VALUE!	#VALUE!	#VALUE!	#VALUE!	#VALUE!	40%	#VALUE!	#VALUE!	#N/A	#VALUE!	12.51	#N/A	#N/A	#N/A	#N/A	1075.51	10099.14	63.38	324.04	
D-1	EFJI	12/31/2005	As of 2005-12-31	0.70485697258641	94.62	134.24	99.86	13.39	86.47	134.24	22.55	0	-28.11	11.95	262.8392	13.39	0.64414481525626	-0.2094010727056	0.089019666269368	19.6295145631068	0.70485697258641	13.2554380286865	9.50378445083143	1.72	0	-0.29	-27.2	-3	0.07	-13.36	-16.36	40%	0.07	-16.318	10.16	25.87	0.97	1268.8	10847.41	73.03	356.02	1075.51	10099.14	63.38	324.04	
D-2	EFJI	12/31/2006	As of 2006-12-31	0.63398007341374	96.72	152.56	88.47	20.52	67.95	152.56	-6.78	0	-34.89	-8.57	175.9296	35.86	0.44539853172522	-0.22869690613529	-0.05617461982171	4.90601226993865	0.63398007341374	3.60587977937273	2.64162262322216	3.08	0	3.42	7.64	-4.19	0.4	6.53	2.34	40%	0.26	2.496	6.72	26.18	0.97	1416.6	12474.52	81.91	399.2	1075.51	10099.14	63.38	324.04	
D-3	EFJI	12/31/2007	As of 2007-12-31	1.28798733755415	154.61	120.04	78.73	25.88	52.85	120.04	-41.1	0	-75.99	-19.59	72.0775	43.12	0.44026991002999	-0.63303898700433	-0.16319560146618	1.67155612244898	1.28798733755415	1.39315684907752	1.25796618389108	4.44	0	8.16	3.3	-3.28	0.17	-3.78	-7.06	40%	1.09	-6.406	2.75	26.21	0.97	1468.36	13264.82	#N/A	#N/A	1075.51	10099.14	63.38	324.04	
D-4	EFJI	12/31/2008	As of 2008-12-31	1.292762821169	126.29	97.69	75.7	23.98	51.72	97.69	-20.87	0	-96.86	-20.47	35.2956	40.72	0.52942982905108	-0.99150373630873	-0.20954038284369	0.86678781925344	1.292762821169	0.3672700505448	0.54074450677044	4.55	0	19.93	-3.49	-1.92	0.24	-0.75	-2.67	40%	1.22	-1.938	1.34	26.34	0.97	903.25	8776.39	52	#N/A	1075.51	10099.14	63.38	324.04	
D-1	ELMG	12/31/2005	As of 2005-12-31	1.00244075619065	225.89	225.34	176.09	72.47	103.62	225.34	-11.44	0	41.23	10.22	200.2644	111.69	0.45983846631756	0.18296795952782	0.045353687760717	1.79303787268332	1.00244075619065	3.03488951157484	2.37556738606902	6.52	2.4	5.99	0.45	-9.1	2.66	4.82	-4.28	40%	4.87	-1.358	17.66	11.34	13.5	1268.8	10847.41	73.03	356.02	1075.51	10099.14	63.38	324.04	
D-2	ELMG	12/31/2006	As of 2006-12-31	0.89522764673615	261.12	291.68	239.01	62.45	176.56	291.68	33.01	0	74.24	14.36	315.6447	78.6	0.60532089961602	0.25452550740538	0.049232035106966	4.0158358778626	0.89522764673615	4.54902045156671	3.37806851247629	7.25	1.61	-15.7	-12.69	-8.5	9.36	10.3	1.8	40%	1.48	2.688	20.59	15.33	13.5	1416.6	12474.52	81.91	399.2	1075.51	10099.14	63.38	324.04	
D-3	ELMG	12/31/2007	As of 2007-12-31	0.88906732550957	287.88	323.8	257.06	58.57	198.49	323.8	18.74	0	92.98	19.27	471.1392	76.67	0.61300185299568	0.28715256331069	0.059512044471896	6.14502673796792	0.88906732550957	5.90919985995184	4.33113729541904	7.99	1.68	-0.48	9.92	-14.58	0.36	38.73	24.15	40%	1.15	24.84	30.24	15.58	13.5	1468.36	13264.82	#N/A	#N/A	1075.51	10099.14	63.38	324.04	
D-4	ELMG	12/31/2008	As of 2008-12-31	1.02345969392431	335.05	327.37	232.78	67.36	165.42	327.37	20.47	0	113.45	19.62	392.9653	84.62	0.50529981366649	0.3465497754834	0.05993218682225	4.64388206097849	1.02345969392431	5.09807114940745	3.80992354683405	12.5	0	2.4	-16.52	-13.87	2.29	16.45	2.58	40%	1.09	3.234	25.87	15.19	13.5	903.25	8776.39	52	#N/A	1075.51	10099.14	63.38	324.04	
D-1	ENWV	12/31/2006	As of 2006-12-31	0.61828117237953	62.23	100.65	94.07	11.02	83.05	100.65	-0.87	0	-267.71	-3.9	125.1948	11.26	0.82513661202186	-2.65981122702434	-0.038748137108793	11.1185435168739	0.61828117237953	4.42734836546462	3.49970054733045	1.47	0.63	-0.06	-8.2	-0.42	-	-7.04	-7.46	40%	0	-7.46	10.83	11.56	2.44	1416.6	12474.52	81.91	399.2	1075.51	10099.14	63.38	324.04	
D-2	ENWV	12/31/2007	As of 2007-12-31	0.68386003148081	56.48	82.59	67.42	10.62	56.8	82.59	-1.34	0	-273.11	-8.99	66.6659	10.74	0.68773459256569	-3.30681680590871	-0.10885095047827	6.20725325884544	0.68386003148081	0.24405797298495	0.63951845976727	0.86	0.6	3.46	-0.8	-1.65	-	2.78	1.13	40%	0	1.13	7.27	9.17	2.44	1468.36	13264.82	#N/A	#N/A	1075.51	10099.14	63.38	324.04	
D-3	ENWV	12/31/2008	As of 2008-12-31	0.55018481660506	38.7	70.34	65.3	8.23	57.07	70.34	-5.4	0	-287.87	-5.27	22.44	8.3	0.81134489621837	-4.09255046914984	-0.074921808359397	2.70361445783132	0.55018481660506	-2.8313954424465	-1.437990457708	0.97	1.08	4.12	3.15	-1.09	-	3.92	2.83	40%	0	2.83	2.4	9.35	2.44	903.25	8776.39	52	#N/A	1075.51	10099.14	63.38	324.04	
D-4	ENWV	12/31/2009	As of 2009-12-31	0.25285269709544	19.5	77.12	75.14	4.4	70.74	77.12	-14.75	0	0	-10.94	23.546	5.16	0.91727178423236	0	-0.14185684647303	4.56317829457364	0.25285269709544	3.62310536886037	2.38038861816076	1.2	1.31	10.15	1.93	-2.49	-	-0.15	-2.64	40%	0	-2.64	2.44	9.65	2.44	1115.1	10428.05	65.28	332.63	1075.51	10099.14	63.38	324.04	
D-1	FEIM	4/30/2006	As of 2006-04-30	0.60883098916302	52.81	86.74	66.76	6.99	59.77	86.74	4.8	-1.71	15.53	1.71	119.5515	16.11	0.68907078625778	0.17904081162094	0.019714088079318	7.42094972067039	0.60883098916302	6.20339056101648	4.4264137085981	1.87	0	-3	-7.05	-2.1	4.2	-2.5	-4.6	40%	0.12	-4.528	13.95	8.57	4.99	1305.19	11343.29	76.01	394.02	1075.51	10099.14	63.38	324.04	
D-2	FEIM	4/30/2007	As of 2007-04-30	0.59906213364596	56.21	93.83	67.6	13.63	53.97	93.83	-0.26	-1.72	13.54	-3.72	94.1127	22.94	0.57518917190664	0.1443035276564	-0.039646168602792	4.10255884917175	0.59906213364596	3.82141796963307	2.72864500334083	1.73	0	1.52	-8.33	-2.71	0.32	-6.65	-9.36	40%	0.09	-9.306	10.83	8.69	4.99	1482.37	13062.91	85.91	420.83	1075.51	10099.14	63.38	324.04	
D-3	FEIM	4/30/2008	As of 2008-04-30	0.66446553858853	64.4	96.92	71.6	12.08	59.52	96.92	0.89	-1.74	13.56	-2.58	57.9462	23.31	0.61411473380107	0.13990920346678	-0.026619892695006	2.48589446589447	0.66446553858853	3.00030267210787	2.17921517216763	1.97	0	-1.55	-2.33	-2.11	0.94	-1.85	-3.96	40%	0.48	-3.672	6.63	8.74	4.99	1385.59	12820.13	79.97	378.9	1075.51	10099.14	63.38	324.04	
D-4	FEIM	4/30/2009	As of 2009-04-30	0.67684804928131	52.74	77.92	56.07	8.04	48.03	77.92	-11.04	0	2.52	-5.92	27.0248	18.75	0.61640143737166	0.032340862422998	-0.075975359342916	1.44132266666667	0.67684804928131	2.0752050476386	1.51036399022587	2.17	0	4.51	5.5	-0.63	0.03	7.22	6.59	40%	0.2	6.71	3.32	8.14	4.99	872.81	8168.12	50.97	260.93	1075.51	10099.14	63.38	324.04	
D-1	GILT	12/31/2005	As of 2005-12-31	0.56142420505121	209.4	372.98	184.86	114.66	70.2	372.98	-3.72	0	-654.24	1.39	130.3968	287.48	0.18821384524639	-1.75408869108263	0.003726741380235	0.45358564074023	0.56142420505121	-1.38455514137494	-0.58972106719132	19.12	0	-1.73	-9.9	-3.6	6.49	3.29	-0.31	40%	6.2	3.41	5.78	22.56	5.38	1268.8	10847.41	73.03	356.02	1075.51	10099.14	63.38	324.04	
D-2	GILT	12/31/2006	As of 2006-12-31	0.56498035028736	248.71	440.21	258.2	137.57	120.63	440.21	10.49	0	-643.75	13.45	345.8862	228.16	0.27402830467277	-1.46237023238909	0.030553599418459	1.51598089060309	0.56498035028736	-0.14365357735756	0.25121103132142	20.73	0	3.94	3.8	-6.52	0.79	37.82	31.3	40%	7.77	35.962	8.91	38.82	5.38	1416.6	12474.52	#N/A	#N/A	1075.51	10099.14	63.38	324.04	
D-3	GILT	12/31/2007	As of 2007-12-31	0.65710299930249	282.62	430.1	276.21	124.85	151.36	430.1	10.09	0	-634.97	5.17	407.5869	202.29	0.35191815856777	-1.476331085794	0.012020460358056	2.01486430372238	0.65710299930249	0.26047026788793	0.53870469089286	17.71	0	10.56	-14.7	-9.27	1.9	22.77	13.5	40%	2.82	15.192	10.29	39.61	5.38	1468.36	13264.82	#N/A	#N/A	1075.51	10099.14	63.38	324.04	
D-4	GILT	12/31/2008	As of 2008-12-31	0.65149522696279	267.53	410.64	271.49	118.69	152.8	410.64	-1.12	0	-636.09	-3.96	104.5305	180.41	0.37210208455094	-1.54902104032729	-0.009643483343074	0.57940524361177	0.65149522696279	-0.75544357212633	-0.18418070066377	13.13	0	4.84	-36.2	-13.8	1.18	-19.62	-33.42	40%	2.16	-32.124	2.61	40.05	5.38	903.25	8776.39	52	#N/A	1075.51	10099.14	63.38	324.04	
D-1	HLIT	12/31/2006	As of 2006-12-31	0.87842247127252	247.68	281.96	211.97	114.57	97.4	281.96	1.01	0	-1933.71	-3.72	570.6792	136.83	0.34543906937154	-6.85810043977869	-0.013193360760392	4.17071694803771	0.87842247127252	-5.85037760532974	-2.97608200709016	7.38	2.2	6.02	-7.97	-5.14	-0.07	8.63	3.49	40%	0.11	3.556	7.28	78.39	6.13	1416.6	12474.52	#N/A	#N/A	1075.51	10099.14	63.38	324.04	
D-2	HLIT	12/31/2007	As of 2007-12-31	0.65408382025306	311.2	475.78	393.81	110.53	283.28	475.78	23.42	0	-1912.39	19.26	982.7096	141.37	0.59540123586532	-4.01948379503132	0.040480894531086	6.95133055103629	0.65408382025306	0.045019189001696	0.71605736016701	6.66	5.34	7.25	-7.52	-5.87	1.72	35.15	29.28	40%	0.07	29.322	10.48	93.77	6.13	1468.36	13264.82	#N/A	#N/A	1075.51	10099.14	63.38	324.04	
D-3	HLIT	12/31/2008	As of 2008-12-31	0.64667942448083	364.96	564.36	470.33	95.2	375.13	564.36	63.99	0	-1848.39	39.3	533.0622	150.05	0.66469983698349	-3.27519668296832	0.069636402296406	3.55256381206264	0.64667942448083	-0.78026439190339	0.051181007601147	7.01	6.28	9.4	29.3	-8.55	4.19	60.13	51.58	40%	0	51.58	5.61	95.02	6.13	903.25	8776.39	52	#N/A	1075.51	10099.14	63.38	324.04	
D-4	HLIT	12/31/2009	As of 2009-12-31	0.55865951086481	319.57	572.03	418.3	93.11	325.19	572.03	-24.14	0	-1872.53	-12.04	607.4152	164.56	0.56848417041064	-3.27348216002657	-0.021047847140884	3.69114730189596	0.55865951086481	-1.19736268261782	-0.3264398960483	8.65	11.9	13.37	-10.52	-8.09	-	11.09	3	40%	0	3	6.32	96.11	6.13	1115.1	10428.05	65.28	332.63	1075.51	10099.14	63.38	324.04	
D-1	IDSY	12/31/2005	As of 2005-12-31	0.95766129032258	19	19.84	18.1	4.25	13.85	19.84	0.85	0	-10.54	0.53	186.2685	4.67	0.69808467741935	-0.53125	0.026713709677419	39.8861884368308	0.95766129032258	25.0705235459695	17.8364289821786	0.36	0	0.15	-5.45	-0.51	-	-4.08	-4.59	40%	0.05	-4.56	23.85	7.81	2.81	1268.8	10847.41	73.03	356.02	1075.51	10099.14	63.38	324.04	
D-2	IDSY	12/31/2006	As of 2006-12-31	0.29136733011424	24.74	84.91	83.39	3.39	80	84.91	-1.62	0	-12.15	-4.54	206.564	3.62	0.94217406665882	-0.14309268637381	-0.053468378282888	57.0618784530387	0.29136733011424	35.2820365053411	24.6387656550224	0.47	0	3.11	-3.04	-0.7	-	-1.07	-1.77	40%	0.03	-1.752	18.28	11.3	2.81	1416.6	12474.52	#N/A	#N/A	1075.51	10099.14	63.38	324.04	
D-3	IDSY	12/31/2007	As of 2007-12-31	0.2283422459893	17.08	74.8	34.8	2.9	31.9	74.8	-7.34	0	-19.49	-10.66	137.3092	3.13	0.42647058823529	-0.2605614973262	-0.14251336898396	43.8687539936102	0.2283422459893	26.2260507918881	18.2930693243751	0.54	0	3.8	3.6	-0.55	-	0.6	0.05	40%	0.01	0.056	12.46	11.02	2.81	1468.36	13264.82	#N/A	#N/A	1075.51	10099.14	63.38	324.04	
D-4	IDSY	12/31/2008	As of 2008-12-31	0.3867047891351	27.05	69.95	33.5	2.6	30.9	69.95	-4.17	0	-23.67	-6.06	44.1045	2.86	0.44174410293066	-0.33838456040029	-0.086633309506791	15.4211538461538	0.3867047891351	9.40947500962226	6.62127932589212	0.54	0	3.36	-4.61	-0.19	-	-4.89	-5.08	40%	0	-5.08	4.05	10.89	2.81	903.25	8776.39	52	#N/A	1075.51	10099.14	63.38	324.04	
D-1	IKAN	12/31/2006	As of 2006-12-31	0.76589332423519	134.69	175.86	140.66	31.98	108.68	175.86	2.74	0	-109.33	-28.13	248.8358	32.97	0.61799158421472	-0.62168770612988	-0.1599567838053	7.54734000606612	0.76589332423519	4.63690116046897	3.3505828480385	2.9	0	8.22	-7.23	-5.22	0	6.63	1.41	40%	0.14	1.494	8.98	27.71	2.75	1416.6	12474.52	#N/A	#N/A	1075.51	10099.14	63.38	324.04	
D-2	IKAN	12/30/2007	As of 2007-12-30	0.70168451292766	107.47	153.16	117.27	28.22	89.05	153.16	-22.8	0	-142.76	-37.91	158.2258	28.22	0.58141812483677	-0.93209715330373	-0.24751893444764	5.60686746987952	0.70168451292766	2.64105656184414	1.91117736424937	6.3	8.9	12.4	8.12	-12.4	0.53	12.92	0.52	40%	0.15	0.61	5.38	29.41	2.75	1468.36	13264.82	84.4	395.14	1075.51	10099.14	63.38	324.04	
D-3	IKAN	12/28/2008	As of 2008-12-28	0.9913432002234	106.5	107.43	89.93	17.92	72.01	107.43	-33.26	0	-183.46	-43.04	32.2122	17.92	0.67029693754072	-1.70771665270409	-0.40063297030625	1.79755580357143	0.9913432002234	-0.83965045158143	-0.46815343581285	7.3	3.65	15.36	-8.42	-4.63	0.44	-15.37	-20	40%	0.08	-19.952	1.11	29.02	2.75	869.42	8483.93	49.91	251.52	1075.51	10099.14	63.38	324.04	
D-4	IKAN	1/3/2010	As of 2010-01-03	0.91391608391608	130.69	143	99.74	43.69	56.05	143	-41.11	0	0	-38.91	105.5068	45.88	0.39195804195804	0	-0.2720979020979	2.29962510897995	0.91391608391608	1.86520380664671	1.31271751080654	6.74	6.15	29.46	-4.22	-1.62	0.2	-2.99	-4.61	40%	0	-4.61	1.96	53.83	2.75	1132.99	10583.96	66.38	339.64	1075.51	10099.14	63.38	324.04	
D-1	INFN	12/31/2006	As of 2006-12-31	0.25270100229965	58.24	230.47	196.04	193.82	2.22	230.47	-89.94	0	-314.09	-85.54	#N/A	216.24	0.009632490128867	-1.36282379485399	-0.37115459712761	#N/A	0.25270100229965	#N/A	#N/A	7.46	0	8.35	6.35	-15.26	0.03	-67.78	-83.04	40%	3.58	-80.892	#N/A	83.14	7.55	1416.6	12474.52	#N/A	#N/A	1075.51	10099.14	63.38	324.04	
D-2	INFN	12/29/2007	As of 2007-12-29	0.46457793987037	245.85	529.19	454.35	216.75	237.6	529.19	-55.34	0	-369.43	-43.1	1359.0472	234.61	0.44898807611633	-0.6981046505036	-0.081445227612011	5.7927931460722	0.46457793987037	3.23245917908874	2.37162859480976	9.82	0	26.67	41.91	-20.21	0.12	23.06	2.85	40%	2.5	4.35	14.84	91.58	7.55	1468.36	13264.82	84.4	395.14	1075.51	10099.14	63.38	324.04	
D-3	INFN	12/27/2008	As of 2008-12-27	1.02394146764746	519.21	507.07	373.2	83.5	289.7	507.07	78.73	0	-290.74	73.43	776.82	101.6	0.57132151379494	-0.57337251267083	0.144812353324	7.64586614173228	1.02394146764746	5.97118227600314	4.60206741610634	12.97	0	24.77	-96.55	-22.94	1.04	19.92	-3.02	40%	0	-3.02	8.25	94.16	7.55	869.42	8483.93	49.91	251.52	1075.51	10099.14	63.38	324.04	
D-4	INFN	12/26/2009	As of 2009-12-26	0.62832865796642	309.1	491.94	408.23	101.34	306.89	491.94	-86.62	0	-377.36	-90.75	866.0178	123.44	0.62383624019189	-0.76708541692076	-0.18447371630687	7.01569831497084	0.62832865796642	3.9030399590195	2.79499915479131	16.55	0	38.45	-1.11	-15.96	-0.32	-32.74	-48.7	40%	0.01	-48.694	8.94	96.87	7.55	1127.78	10547.08	66.04	337.09	1075.51	10099.14	63.38	324.04	
D-1	IRDM	12/31/2007	As of 2007-12-31	0	0	0.5	0.18	0.48	-0.3	0.5	0	0	0	0	#N/A	0.48	-0.6	0	0	#N/A	0	#N/A	#N/A	0	0	0	0	-	0	0	#VALUE!	40%	0	#VALUE!	#N/A	11.5	6.56	1468.36	13264.82	#N/A	#N/A	1075.51	10099.14	63.38	324.04	
D-2	IRDM	12/31/2008	As of 2008-12-31	0	0	403.15	0.14	1.61	-1.47	403.15	1.66	0	1.65	-2.59	#N/A	12.9	-0.003646285501674	0.004092769440655	-0.006424407788664	#N/A	0	#N/A	#N/A	0	0	0	1.49	-	2.53	1.98	#VALUE!	40%	0.01	#VALUE!	#N/A	48.5	6.56	903.25	8776.39	52	#N/A	1075.51	10099.14	63.38	324.04	
D-3	IRDM	#VALUE!	#VALUE!	#VALUE!	#VALUE!	#VALUE!	#VALUE!	#VALUE!	#VALUE!	#VALUE!	#VALUE!	#VALUE!	#VALUE!	#VALUE!	#VALUE!	#VALUE!	#VALUE!	#VALUE!	#VALUE!	#VALUE!	#VALUE!	#VALUE!	#VALUE!	#VALUE!	#VALUE!	#VALUE!	#VALUE!	#VALUE!	#VALUE!	#VALUE!	#VALUE!	40%	#VALUE!	#VALUE!	#N/A	#VALUE!	6.56	#N/A	#N/A	#N/A	#N/A	1075.51	10099.14	63.38	324.04	
D-4	IRDM	#VALUE!	#VALUE!	#VALUE!	#VALUE!	#VALUE!	#VALUE!	#VALUE!	#VALUE!	#VALUE!	#VALUE!	#VALUE!	#VALUE!	#VALUE!	#VALUE!	#VALUE!	#VALUE!	#VALUE!	#VALUE!	#VALUE!	#VALUE!	#VALUE!	#VALUE!	#VALUE!	#VALUE!	#VALUE!	#VALUE!	#VALUE!	#VALUE!	#VALUE!	#VALUE!	40%	#VALUE!	#VALUE!	#N/A	#VALUE!	6.56	#N/A	#N/A	#N/A	#N/A	1075.51	10099.14	63.38	324.04	
D-1	KVHI	12/31/2005	As of 2005-12-31	0.8655411150249	71.26	82.33	70.17	8.56	61.61	82.33	2.93	0	-14.51	2.29	143.9112	10.97	0.74832989189846	-0.17624195311551	0.027814891291145	13.118614402917	0.8655411150249	9.47889049283732	6.84189153398163	1.96	0	-0.09	1.11	-2.28	0	6.03	3.75	40%	0.2	3.87	9.83	14.64	13.37	1268.8	10847.41	73.03	356.02	1075.51	10099.14	63.38	324.04	
D-2	KVHI	12/31/2006	As of 2006-12-31	0.89312372766342	78.97	88.42	75.37	8.37	67	88.42	3.67	0	-10.83	1.86	159.109	10.63	0.7577471160371	-0.12248360099525	0.021035964713866	14.9679209783631	0.89312372766342	10.6802213723606	7.67733262407695	2	0	1.31	-1.2	-2.85	0.27	5.83	2.98	40%	0.16	3.076	10.7	14.87	13.37	1416.6	12474.52	81.91	#N/A	1075.51	10099.14	63.38	324.04	
D-3	KVHI	12/31/2007	As of 2007-12-31	0.88369553347166	80.92	91.57	76.46	8.77	67.69	91.57	2.5	0	-8.33	0.26	119.5298	10.8	0.73921590040406	-0.090968657857377	0.002839357868297	11.0675740740741	0.88369553347166	8.29242912283256	5.98690409898924	2.14	0	1.52	-2.97	-3.92	0.32	3.28	-0.64	40%	0.16	-0.544	8.06	14.83	13.37	1468.36	13264.82	#N/A	#N/A	1075.51	10099.14	63.38	324.04	
D-4	KVHI	12/31/2008	As of 2008-12-31	0.87883959044369	82.4	93.76	72.91	14.69	58.22	93.76	3.06	0	-5.27	2.87	72.779	14.69	0.62094709897611	-0.056207337883959	0.030610068259386	4.95432266848196	0.87883959044369	4.61801382293218	3.44605346871464	2.21	0	2.03	-8.32	-3.22	0.42	-1.03	-4.25	40%	0.15	-4.16	5.18	14.05	13.37	903.25	8776.39	#N/A	#N/A	1075.51	10099.14	63.38	324.04	
D-1	LORL	12/31/2005	As of 2005-12-31	0.37305387794971	626.35	1678.98	491.66	320.25	171.41	1678.98	1029.59	0	-15.26	-72.04	553	1051.81	0.10209174617923	-0.00908885156464	-0.042907003061382	0.52576035595783	0.37305387794971	0.65632963076847	0.52490229271781	77.3	0	-1083.13	-189.98	-9.62	1.75	-182.36	-191.98	40%	15.55	-182.65	27.65	20	29.5	1268.8	10847.41	73.03	356.02	1075.51	10099.14	63.38	324.04	
D-2	LORL	12/31/2006	As of 2006-12-31	0.46090837095571	797.33	1729.91	547.7	419.55	128.15	1729.91	-22.72	0	-37.98	29.82	824.2	1082.91	0.074078998329393	-0.021954899387829	0.017237890988548	0.76109741345079	0.46090837095571	1.03214888976976	0.86708521896001	68.3	0	31.18	2.14	-82.16	6.37	88	5.84	40%	17.92	16.592	41.21	20	29.5	1416.6	12474.52	81.91	#N/A	1075.51	10099.14	63.38	324.04	
D-3	LORL	12/31/2007	As of 2007-12-31	0.51819206783563	882.45	1702.94	569.89	439.78	130.11	1702.94	29.66	0	-33.94	29.1	694.9325	729.38	0.076403161591131	-0.019930238293774	0.017088094706801	0.95277153198607	0.51819206783563	1.20950896778995	1.00765815362006	76.91	0	-145.09	33.44	-95.76	5.29	27.12	-68.64	40%	24.89	-53.706	34.25	20.29	29.5	1468.36	13264.82	#N/A	#N/A	1075.51	10099.14	63.38	324.04	
D-4	LORL	12/31/2008	As of 2008-12-31	0.87300551276773	869.4	995.87	495.24	349.37	145.87	995.87	-692.92	0	-750.92	-160.98	432.8487	786.21	0.14647494150843	-0.75403416108528	-0.16164760460703	0.55055099782501	0.87300551276773	-0.2108518849625	0.066713620578666	36.37	0	696.46	-271.5	-64.56	29.84	-202.21	-266.77	40%	2.38	-265.342	14.53	29.79	29.5	903.25	8776.39	#N/A	#N/A	1075.51	10099.14	63.38	324.04	
D-1	NTGR	12/31/2006	As of 2006-12-31	1.3098195935145	573.57	437.9	424.36	143.48	280.88	437.9	33.62	0	72.91	59.53	910.8072	143.48	0.6414249828728	0.16649920073076	0.13594427951587	6.34797323668804	1.3098195935145	6.56871869880661	4.99121254109429	3.07	0	8.16	-17.86	-4.19	14.73	26.64	22.45	40%	0	22.45	26.82	33.96	23.91	1416.6	12474.52	81.91	#N/A	1075.51	10099.14	63.38	324.04	
D-2	NTGR	12/31/2007	As of 2007-12-31	1.32058935602693	727.79	551.11	479.59	168.51	311.08	551.11	41.13	0	118.97	65.11	1257.0108	179.59	0.56446081544519	0.21587341909964	0.1181433833536	6.99933626593908	1.32058935602693	6.88831945657494	5.20752586234891	7.08	0	3.03	-24.92	-5.92	22.28	23.07	17.15	40%	0	17.15	35.67	35.24	23.91	1468.36	13264.82	#N/A	#N/A	1075.51	10099.14	63.38	324.04	
D-3	NTGR	12/31/2008	As of 2008-12-31	1.26804387506184	743.34	586.21	489.35	176.5	312.85	586.21	45.95	0	124.79	49.39	391.1348	195.25	0.53368246873987	0.2128759318333	0.084253083366029	2.00325121638924	1.26804387506184	3.68520700318269	2.927278323698	12.69	0	9.15	-13.37	-9.84	25.35	53.37	43.53	40%	0	43.53	11.41	34.28	23.91	903.25	8776.39	#N/A	#N/A	1075.51	10099.14	63.38	324.04	
D-4	NTGR	12/31/2009	As of 2009-12-31	1.08447055850392	686.6	633.12	534.73	195.61	339.12	633.12	18.05	0	133.84	32.07	750.9078	218.97	0.53563305534496	0.2113975233763	0.050653904473086	3.42927250308261	1.08447055850392	4.24682367369693	3.23897634414282	13.26	0	11.32	6.93	-15.39	25.18	47.53	32.14	40%	0	32.14	21.69	34.62	23.91	1115.1	10428.05	65.28	#N/A	1075.51	10099.14	63.38	324.04	
D-1	NEXS	12/31/2005	As of 2005-12-31	1.28540772532189	11.98	9.32	6.31	2	4.31	9.32	-0.49	0	-5.53	-0.37	9.144	4.29	0.46244635193133	-0.59334763948498	-0.039699570815451	2.13146853146853	1.28540772532189	2.15624377982532	1.8807564827876	0.55	0.04	0.03	-0.24	-0.47	-	-0.11	-0.58	40%	0.37	-0.358	3.6	2.54	3	1268.8	10847.41	73.03	356.02	1075.51	10099.14	63.38	324.04	
D-2	NEXS	12/31/2006	As of 2006-12-31	0.7942238267148	11	13.85	12.48	2.47	10.01	13.85	-2.23	0	-7.77	-2.14	22.701	2.47	0.72274368231047	-0.56101083032491	-0.15451263537906	9.19068825910931	0.7942238267148	5.87982811792046	4.21170711936743	0.52	0.05	0.82	-0.83	-0.37	-	-1.68	-2.05	40%	0.36	-1.834	3.45	6.58	3	1416.6	12474.52	81.91	#N/A	1075.51	10099.14	63.38	324.04	
D-3	NEXS	12/31/2007	As of 2007-12-31	0.76576576576577	10.2	13.32	8.61	3.19	5.42	13.32	-2.94	0	-10.71	-3.23	34.202	3.49	0.40690690690691	-0.80405405405405	-0.24249249249249	9.8	0.76576576576577	5.20738738738739	3.73637762762763	0.49	-0.03	0.2	0.12	-0.6	-	-2.16	-2.76	40%	0.04	-2.736	4.9	6.98	3	1468.36	13264.82	#N/A	#N/A	1075.51	10099.14	63.38	324.04	
D-4	NEXS	12/31/2008	As of 2008-12-31	0.79764573991031	14.23	17.84	9.49	5.13	4.36	17.84	-10.37	0	-21.08	-10.15	58.941687	5.42	0.24439461883408	-1.18161434977578	-0.56894618834081	10.87485	0.79764573991031	4.08324912556054	2.7724470896861	0.49	0.19	4.8	0.85	-1.01	-	-4.04	-5.05	40%	0.04	-5.026	7.2499	8.13	3	903.25	8776.39	#N/A	#N/A	1075.51	10099.14	63.38	324.04	
D-1	NMRX	12/31/2005	As of 2005-12-31	0.82393397524072	29.95	36.35	12.62	7.84	4.78	36.35	0.59	0	-3.25	0.96	55.29	8.62	0.13149931224209	-0.089408528198074	0.026409903713893	6.41415313225058	0.82393397524072	4.79138183808487	3.61573661265666	0.56	1.28	0.2	0.64	-0.52	0.05	3.28	2.76	40%	0.23	2.898	4.75	11.64	4.5	1268.8	10847.41	73.03	356.02	1075.51	10099.14	63.38	324.04	
D-2	NMRX	12/31/2006	As of 2006-12-31	0.79514987196867	52.79	66.39	37.77	11.87	25.9	66.39	4.1	0	0.85	1.67	124.2864	24.97	0.39011899382437	0.012803133001958	0.025154390721494	4.97742891469764	0.79514987196867	4.3498887390882	3.24988706690233	0.67	1.24	3.4	-3.68	-0.7	0.19	2.66	1.96	40%	0.58	2.308	9.59	12.96	4.5	1416.6	12474.52	81.91	#N/A	1075.51	10099.14	63.38	324.04	
D-3	NMRX	12/31/2007	As of 2007-12-31	0.91767881241565	68	74.1	36.53	16.55	19.98	74.1	0.44	0	1.04	2.5	111.54	27.23	0.26963562753036	0.014035087719298	0.033738191632928	4.09621740727139	0.91767881241565	3.82903948619819	2.94417217475169	0.7	1.79	1.93	-8.69	-0.61	0.02	-3.31	-3.92	40%	1.44	-3.056	8.25	13.52	4.5	1468.36	13264.82	#N/A	#N/A	1075.51	10099.14	63.38	324.04	
D-4	NMRX	12/31/2008	As of 2008-12-31	1.15693489041753	72.32	62.51	28.09	13.96	14.13	62.51	-10.97	0	-9.93	-6.39	51.5424	22.11	0.22604383298672	-0.15885458326668	-0.10222364421693	2.33118046132972	1.15693489041753	2.26600438941981	1.84276480671641	0.82	2.28	8.11	5.34	-0.45	0.23	8.36	7.91	40%	1.2	8.63	3.64	14.16	4.5	903.25	8776.39	#N/A	#N/A	1075.51	10099.14	63.38	324.04	
D-1	OPTC	12/31/2005	As of 2005-12-31	0.87136609210188	33.87	38.87	15.45	8.33	7.12	38.87	2.68	0	2.48	4.59	44.55	27.11	0.18317468484693	0.063802418317468	0.11808592745048	1.6433050534858	0.87136609210188	2.55529432614859	2.1099725320344	1.36	0	0.47	4.02	-0.4	0.77	7.8	7.4	40%	0.65	7.79	13.5	3.3	2.75	1268.8	10847.41	73.03	356.02	1075.51	10099.14	63.38	324.04	
D-2	OPTC	12/31/2006	As of 2006-12-31	0.85325264750378	39.48	46.27	20.5	10.5	10	46.27	1.55	0	4.04	2.92	36.925	28.33	0.21612275772639	0.087313594121461	0.063107845256106	1.30338863395694	0.85325264750378	2.2242748056173	1.82200546097123	1.4	0	1.04	-2.42	-0.49	1.12	0.36	-0.13	40%	1.19	0.584	10.55	3.5	2.75	1416.6	12474.52	81.91	#N/A	1075.51	10099.14	63.38	324.04	
D-3	OPTC	12/31/2007	As of 2007-12-31	0.85068054443555	42.5	49.96	21.38	9.11	12.27	49.96	1.28	0	5.32	2.9	27.7332	26.86	0.24559647718175	0.10648518815052	0.05804643714972	1.03250930752048	0.85068054443555	2.1046837270263	1.72714350083194	1.83	0	0.71	-0.21	-1.01	1.71	2.81	1.8	40%	0.63	2.178	7.64	3.63	2.75	1468.36	13264.82	#N/A	#N/A	1075.51	10099.14	63.38	324.04	
D-4	OPTC	12/31/2008	As of 2008-12-31	0.95779427359491	45.16	47.15	23.1	12.17	10.93	47.15	-1.76	0	3.56	2.45	15.3665	25.96	0.23181336161188	0.075503711558855	0.051961823966066	0.59192989214176	0.95779427359491	1.86734966381104	1.59411002447684	1.74	0	0.64	0.8	-0.55	0.03	3.73	3.18	40%	0.25	3.33	4.21	3.65	2.75	903.25	8776.39	#N/A	#N/A	1075.51	10099.14	63.38	324.04	
D-1	OCCF	10/31/2006	As of 2006-10-31	1.30296062086807	45.33	34.79	18.75	4.31	14.44	34.79	0.35	0	27.77	0.52	29.9298	4.36	0.41506179936763	0.79821787870078	0.014946823799942	6.86463302752294	1.30296062086807	7.08534118472302	5.20062014577636	1.4	0	0.64	-2.29	-2.29	0.29	-0.06	-2.35	40%	0.01	-2.344	4.98	6.01	3.25	1377.94	12080.73	#N/A	389.94	1075.51	10099.14	63.38	324.04	
D-2	OCCF	10/31/2007	As of 2007-10-31	1.22049356223176	45.5	37.28	20.81	4.88	15.93	37.28	1.25	0	28.3	1.87	27.7095	5.3	0.42730686695279	0.75912017167382	0.050160944206009	5.22820754716981	1.22049356223176	6.09726519353794	4.51576133290145	1.6	0	0.86	2.09	-0.83	0.52	6.1	5.27	40%	0	5.27	4.55	6.09	3.25	1549.38	13930.01	89.58	431	1075.51	10099.14	63.38	324.04	
D-3	OCCF	10/31/2008	As of 2008-10-31	1.11232676878191	61	54.84	31.92	8.16	23.76	54.84	2.21	0	30.47	3.69	28.5039	20	0.43326039387309	0.5556163384391	0.067286652078775	1.425195	1.11232676878191	3.48615274033552	2.69549455499635	2.28	0	0.72	-1.34	-1.25	2.44	3.04	1.79	40%	0.18	1.898	4.59	6.21	3.25	968.75	9325.01	55.88	287.67	1075.51	10099.14	63.38	324.04	
D-4	OCCF	10/31/2009	As of 2009-10-31	1.16411682892907	58.59	50.33	27.7	7.63	20.07	50.33	-1.92	0	28.09	-2.8	19.53	17.07	0.39876813033976	0.55811643155176	-0.055632823365786	1.14411247803163	1.16411682892907	2.9257166423922	2.22570407367613	3.08	0	1.2	-0.16	-0.67	0.48	2.77	2.1	40%	0.67	2.502	3	6.51	3.25	1042.88	9789.44	60.74	#N/A	1075.51	10099.14	63.38	324.04	
D-1	ORCT	12/31/2005	As of 2005-12-31	0.77914582531743	101.25	129.95	50.93	57.19	-6.26	129.95	22.23	0	-257.31	17.14	351.5589	60.88	-0.048172373989996	-1.9800692574067	0.1318968834167	5.77462056504599	0.77914582531743	1.84849492463745	1.90048746302151	2.39	0	7.67	40.35	-1.92	0.04	72.63	70.71	40%	0.35	70.92	24.03	14.63	3.24	1268.8	10847.41	73.03	356.02	1075.51	10099.14	63.38	324.04	
D-2	ORCT	12/31/2006	As of 2006-12-31	0.6405998389694	63.65	99.36	53.13	18.24	34.89	99.36	5.2	0	-252.1	0.78	151.7824	22.49	0.35114734299517	-2.5372383252818	0.007850241545894	6.74888394842152	0.6405998389694	1.58443856148447	1.59845939843366	2.16	0	2.1	-40.52	-0.91	0.07	-31.06	-31.97	40%	0.07	-31.928	9.68	15.68	3.24	1416.6	12474.52	81.91	399.2	1075.51	10099.14	63.38	324.04	
D-3	ORCT	12/31/2007	As of 2007-12-31	0.089271236825511	9.91	111.01	71.25	13.58	57.67	111.01	-12.1	0	-264.37	-17.75	108.8244	43.61	0.51950274750023	-2.3814971624178	-0.15989550490947	2.49540013758312	0.089271236825511	-1.65192584844733	-1.00679645892529	1.72	0	-4.78	-0.57	-0.61	0.04	-15.72	-16.33	40%	1.27	-15.568	6.66	16.34	3.24	1468.36	13264.82	84.4	395.14	1075.51	10099.14	63.38	324.04	
D-4	ORCT	12/31/2008	As of 2008-12-31	0.21000121669303	17.26	82.19	57.46	15.74	41.72	82.19	-32.29	0	-296.65	-35.25	46.412	45.43	0.50760433142718	-3.60931986859715	-0.428884292493	1.02161567246313	0.21000121669303	-5.0364801645961	-3.38757636342265	0.99	0	2.08	-4.14	-0.98	0.04	-33.36	-34.34	40%	2.01	-33.134	2.83	16.4	3.24	903.25	8776.39	#N/A	268.73	1075.51	10099.14	63.38	324.04	
D-1	ANTP	5/31/2006	As of 2006-05-31	1.2229381443299	9.49	7.76	6.59	0.51	6.08	7.76	1.1	0	4.02	1.56	20.9304	0.51	0.78350515463918	0.5180412371134	0.20103092783505	41.04	1.2229381443299	28.174581185567	20.0755577319588	0.12	0.01	0.14	0.46	0	0.74	1.83	1.83	40%	0	1.83	9.18	2.28	3.29	1270.09	11168.31	74.01	376.31	1075.51	10099.14	63.38	324.04	
D-2	ANTP	5/31/2007	As of 2007-05-31	0.68774703557312	5.22	7.59	6.5	0.43	6.07	7.59	-0.3	0	3.71	-0.61	12.0351	0.43	0.79973649538867	0.48880105401845	-0.080368906455863	27.9886046511628	0.68774703557312	18.8590099580231	13.1742692894568	0.12	0	0.07	-0.35	0	0.1	-0.52	-0.52	40%	0	-0.52	5.21	2.31	3.29	1530.62	13627.64	89.08	439.92	1075.51	10099.14	63.38	324.04	
D-3	ANTP	5/31/2008	As of 2008-05-31	1.03236607142857	9.25	8.96	5.5	1.08	4.42	8.96	0.62	0	4.34	0.7	14.2308	1.08	0.49330357142857	0.484375	0.078125	13.1766666666667	1.03236607142857	10.4652354910714	7.5672	0.11	0	0.08	0.07	0	0.16	0.83	0.83	40%	0	0.83	6.03	2.36	3.29	1385.67	12503.82	80.92	391.39	1075.51	10099.14	63.38	324.04	
D-4	ANTP	5/31/2009	As of 2009-05-31	0.88391777509069	7.31	8.27	7.01	0.72	6.29	8.27	-0.58	0	3.75	-1.25	7.245	0.72	0.76058041112455	0.453446191052	-0.15114873035067	10.0625	0.88391777509069	7.96926420798065	5.56391989117291	0.12	0	0.16	-0.99	-0.32	0	-1.34	-1.66	40%	0.01	-1.654	3.15	2.3	3.29	942.87	8721.44	55.24	275.85	1075.51	10099.14	63.38	324.04	
D-1	PIII	12/31/2005	As of 2005-12-31	1.05126300148588	42.45	40.38	32.78	9.18	23.6	40.38	-6.82	0	-81.42	-6.98	37.011	9.53	0.58444774640911	-2.01634472511144	-0.172857850421	3.88363064008395	1.05126300148588	0.68841389668038	0.85153992579415	1.34	0	1.8	-1.98	-0.06	0.14	-5.66	-5.72	40%	0.25	-5.57	16.9	2.19	3.5	1268.8	10847.41	73.03	356.02	1075.51	10099.14	63.38	324.04	
D-2	PIII	12/31/2006	As of 2006-12-31	1.05905861456483	47.7	45.04	28.83	10.04	18.79	45.04	-8.04	0	-89.46	-8.51	25.84	10.04	0.41718472468917	-1.98623445825932	-0.1889431616341	2.57370517928287	1.05905861456483	-0.30139634180861	0.16603343995245	1.9	0	2.65	-2.5	-0.13	0.06	-5.99	-6.12	40%	0.14	-6.036	9.5	2.72	3.5	1416.6	12474.52	81.91	399.2	1075.51	10099.14	63.38	324.04	
D-3	PIII	12/31/2007	As of 2007-12-31	1.10599350457632	37.46	33.87	24.05	7.6	16.45	33.87	-9.23	0	-98.69	-9.61	21.92	7.6	0.48568054325362	-2.91378801299085	-0.28373191614999	2.88421052631579	1.10599350457632	-1.59738806271658	-0.68756426273833	1.66	0	5.65	2.48	-0.02	0.06	0.56	0.54	40%	0.02	0.552	8	2.74	3.5	1468.36	13264.82	84.4	395.14	1075.51	10099.14	63.38	324.04	
D-4	PIII	12/31/2008	As of 2008-12-31	1.5379513633014	41.74	27.14	20.46	8.06	12.4	27.14	-7.7	0	-106.4	-7.83	6.909282	8.06	0.45689019896831	-3.92041267501842	-0.28850405305822	0.85723101736973	1.5379513633014	-3.841620858996	-1.99564757108349	1.49	0	5.64	-2.41	-0.07	0.07	-2.98	-3.05	40%	0.01	-3.044	2.4501	2.82	3.5	903.25	8776.39	#N/A	268.73	1075.51	10099.14	63.38	324.04	
D-1	PSID	12/31/2005	As of 2005-12-31	0.32762180016515	15.87	48.44	9.67	14.85	-5.18	48.44	-5.26	0	-10.32	-4.93	#N/A	19.91	-0.10693641618497	-0.2130470685384	-0.10177539223782	#N/A	0.32762180016515	#N/A	#N/A	1.38	0	2.67	-0.64	-0.42	0.14	-1.93	-2.35	40%	0	-2.35	#N/A	5.56	1.42	1268.8	10847.41	73.03	356.02	1075.51	10099.14	63.38	324.04	
D-2	PSID	12/31/2006	As of 2006-12-31	0.53645116918845	27.3	50.89	10.27	9.49	0.78	50.89	-6.72	0	-17.05	-5.88	#N/A	28.54	0.015327176262527	-0.33503635291806	-0.11554332874828	#N/A	0.53645116918845	#N/A	#N/A	2.43	0	1.49	1.49	-0.81	0.44	-1.48	-2.29	40%	0.05	-2.26	#N/A	6.06	1.42	1416.6	12474.52	81.91	399.2	1075.51	10099.14	63.38	324.04	
D-3	PSID	12/31/2007	As of 2007-12-31	0.0016	0.08	50	16.52	9.85	6.67	50	-11.91	0	-28.96	-13.57	#N/A	24.41	0.1334	-0.5792	-0.2714	#N/A	0.0016	#N/A	#N/A	0.07	0	5.6	-1.03	-0.06	-	-7.27	-7.33	40%	0	-7.33	#N/A	10.14	1.42	1468.36	13264.82	84.4	395.14	1075.51	10099.14	63.38	324.04	
D-4	PSID	12/31/2008	As of 2008-12-31	0.004944375772559	0.04	8.09	3.5	1.17	2.33	8.09	-13.15	-15.84	-42.11	-18.9	#N/A	5.67	0.28800988875155	-5.20519159456119	-2.33621755253399	#N/A	0.004944375772559	#N/A	#N/A	0.05	0	-5.62	0.03	-0.02	-	-18.69	-18.71	40%	0	-18.71	#N/A	11.73	1.42	903.25	8776.39	#N/A	268.73	1075.51	10099.14	63.38	324.04	
D-1	PWAV	12/31/2006	As of 2006-12-31	0.58967862930091	716.89	1215.73	482.7	233.23	249.47	1215.73	50.65	0	-134.99	-135.84	862.4304	564.13	0.20520181290254	-0.1110361675701	-0.11173533597098	1.52877953663163	0.58967862930091	1.22842160483125	0.93585278914648	47.56	0	6.52	-92.42	-29.58	3.79	12.06	-17.52	40%	6.2	-13.8	6.63	130.08	1.18	1416.6	12474.52	81.91	399.2	1075.51	10099.14	63.38	324.04	
D-2	PWAV	12/30/2007	As of 2007-12-30	0.79556411746119	780.52	981.09	436.97	244.81	192.16	981.09	-158.9	0	-445.86	-300.27	528.0106	598.61	0.19586378415844	-0.45445371984222	-0.30605754823716	0.88206110823408	0.79556411746119	-0.087183357687448	-0.030198758804498	56.51	0	104.55	-46	-10.87	1.41	-54.24	-65.11	40%	5.38	-61.882	4.03	131.02	1.18	1468.36	13264.82	84.4	395.14	1075.51	10099.14	63.38	324.04	
D-3	PWAV	12/28/2008	As of 2008-12-28	1.82461569993851	890.23	487.9	373.81	194.76	179.05	487.9	-309.54	0	-794.53	-380.04	60.5544	502.98	0.36698093871695	-1.62846894855503	-0.77893010862882	0.12039126804247	1.82461569993851	-2.51492291492775	-1.66190926856994	56.02	0	204.48	24.82	-14.31	7.55	-26.2	-40.51	40%	6.09	-36.856	0.46	131.64	1.18	869.42	8483.93	49.91	251.52	1075.51	10099.14	63.38	324.04	
D-4	PWAV	1/3/2010	As of 2010-01-03	1.45439401317307	567.49	390.19	266.53	120.26	146.27	390.19	-348.66	0	0	-1.88	178.686	401.14	0.3748686537328	0	-0.004818165509111	0.44544548038091	1.45439401317307	2.15414934568774	1.88979275797875	51.22	0	341.25	-15.63	-13.54	23.1	27.81	14.27	40%	10.16	20.366	1.35	132.36	1.18	1132.99	10583.96	66.38	339.64	1075.51	10099.14	63.38	324.04	
D-1	XING	12/31/2005	As of 2005-12-31	1.03970330038863	2635.18	2534.55	2159.88	1303.04	856.84	2534.55	244.9	0	441.87	358.4	136.145	1537.25	0.33806395612633	0.17433863999527	0.14140577222781	0.08856399414539	1.03970330038863	2.20819188527222	1.90086890216082	11.83	11.88	66.39	-215.99	0	8.69	116.68	116.68	40%	41.75	141.73	7.3	18.65	1.81	1268.8	10847.41	73.03	356.02	1075.51	10099.14	63.38	324.04	
D-2	XING	12/31/2006	As of 2006-12-31	0.77099514359776	3221.21	4177.99	3449.9	1951.19	1498.71	4177.99	-19.83	0	422.04	327.68	392.9247	2307.94	0.3587155546088	0.10101508141475	0.078430058473094	0.17024909659697	0.77099514359776	1.70307257888475	1.42433877287841	11.12	15.18	356.83	-512.13	-39	63.38	-156.84	-195.84	40%	50.37	-165.618	13.27	29.61	1.81	1416.6	12474.52	81.91	399.2	1075.51	10099.14	63.38	324.04	
D-3	XING	12/31/2007	As of 2007-12-31	0.60733769776323	3874.11	6378.84	6005.01	2058.54	3946.47	6378.84	903.95	0	1325.98	560.11	255.3375	3356.87	0.61868145305416	0.20787165064494	0.087807501050348	0.076064160959465	0.60733769776323	1.97557166467521	1.52560434299148	17.02	32.28	-290.49	303.83	0	103.83	954.65	954.65	40%	60.46	990.926	8.25	30.95	1.81	1468.36	13264.82	84.4	395.14	1075.51	10099.14	63.38	324.04	
D-4	XING	12/31/2008	As of 2008-12-31	0.40862265529535	2594.95	6350.48	5907.62	2353.31	3554.31	6350.48	-136.79	0	1189.19	287.59	57.567	3369.15	0.55969155087489	0.18725986067195	0.045286340560084	0.01708650549842	0.40862265529535	1.50170452577798	1.11135950114067	16.74	11.73	481.65	-597.33	0	162.53	-222.89	-222.89	40%	115.7	-153.47	1.86	30.95	1.81	903.25	8776.39	#N/A	268.73	1075.51	10099.14	63.38	324.04	
D-1	RFMI	8/31/2006	As of 2006-08-31	1.78157894736842	54.16	30.4	23.08	5.51	17.57	30.4	0.58	0	-13.25	0.75	49.8914	5.62	0.57796052631579	-0.43585526315789	0.024671052631579	8.87747330960854	1.78157894736842	7.27105109102828	5.62421740845664	2.16	0	0.71	-0.8	-2.28	0.01	2.66	0.38	40%	0	0.38	6.19	8.06	1.35	1303.82	11381.15	75.52	368.82	1075.51	10099.14	63.38	324.04	
D-2	RFMI	8/31/2007	As of 2007-08-31	1.15778430549727	55.18	47.66	21.21	13.44	7.77	47.66	-6.09	0	-20.27	-5.25	44.9988	19.09	0.16302979437684	-0.42530423835501	-0.11015526647084	2.35719224724987	1.15778430549727	1.80763930974312	1.55952661879249	2.35	1.48	3.42	-1.51	-0.74	-0.04	-0.35	-1.09	40%	0.54	-0.766	4.87	9.24	1.35	1473.99	13357.74	85.15	417.61	1075.51	10099.14	63.38	324.04	
D-3	RFMI	8/31/2008	As of 2008-08-31	2.07281001137656	54.66	26.37	19.67	9.18	10.49	26.37	-16.2	0	-41.16	-15.76	9.1932	17.61	0.39780053090633	-1.5608646188851	-0.59764884338263	0.52204429301533	2.07281001137656	-1.29612723533983	-0.60440237531809	1.41	1.14	14.04	0.56	-0.86	0.04	0.76	-0.1	40%	0.75	0.35	0.94	9.78	1.35	1282.827967	11516.92	74.81	387.347532	1075.51	10099.14	63.38	324.04	
D-4	RFMI	8/31/2009	As of 2009-08-31	2.21161825726141	31.98	14.46	10.66	7.67	2.99	14.46	-3.29	0	-44.62	-2.75	7.0858	8.67	0.20677731673582	-3.08575380359613	-0.19017980636238	0.81727797001153	2.21161825726141	-1.99974248493637	-0.50592720833513	1.25	0.12	2.59	3.69	-0.1	0.02	4.25	4.15	40%	0.46	4.426	0.71	9.98	1.35	1020.62	9496.28	59.76	302.22	1075.51	10099.14	63.38	324.04	
D-1	SHOR	6/30/2006	As of 2006-06-30	1.9944966008417	61.61	30.89	29.32	13.11	16.21	30.89	4	0	-90.88	3.97	#N/A	15.72	0.52476529621237	-2.94205244415668	0.1285205568145	#N/A	1.9944966008417	#N/A	#N/A	0.72	0	0.24	2.31	-1.31	0.08	7.27	5.96	40%	0.03	5.978	#N/A	9.29	5.51	1270.2	11150.22	73.71	375.97	1075.51	10099.14	63.38	324.04	
D-2	SHOR	6/30/2007	As of 2007-06-30	1.84480482745616	97.83	53.03	47.16	24.15	23.01	53.03	5.98	0	-84.8	6.12	#N/A	28.52	0.43390533660192	-1.59909485197058	0.11540637375071	#N/A	1.84480482745616	#N/A	#N/A	0.96	0	3.57	-2.6	-2.11	0.7	7.91	5.8	40%	0	5.8	#N/A	10.13	5.51	1519.43	13535.43	87.99	437.53	1075.51	10099.14	63.38	324.04	
D-3	SHOR	6/30/2008	As of 2008-06-30	0.87097428958051	128.73	147.8	141.79	29.8	111.99	147.8	2.14	0	-82.75	-1.1	191.5628	34.58	0.75771312584574	-0.55987821380244	-0.00744248985115	5.5396992481203	0.87097428958051	4.29478889934579	3.23659377893312	1.61	0	7.5	-1.34	-2.41	1.4	8.15	5.74	40%	0	5.74	4.42	43.34	5.51	1280	11350.01	74.9	364.94	1075.51	10099.14	63.38	324.04	
D-4	SHOR	6/30/2009	As of 2009-06-30	0.86634108726385	134.82	155.62	144.03	32.42	111.61	155.62	-12.66	0	-95.41	-13.46	354.88	41.85	0.71719573319625	-0.61309600308444	-0.086492738722529	8.47980884109916	0.86634108726385	5.67023448856902	4.14791728426795	1.97	0	10.85	7.29	-5.96	1.2	7.45	1.49	40%	0	1.49	8	44.36	5.51	919.32	8447	53.87	268.32	1075.51	10099.14	63.38	324.04	
D-1	SONS	12/31/2005	As of 2005-12-31	0.4272872421863	195.36	457.21	421.14	143.09	278.05	457.21	4.79	0	-831.09	-4.06	1025.1573	178.39	0.60814505369524	-1.81774239408587	-0.008879945757967	5.74671954705981	0.4272872421863	2.03052257489279	1.70468222595024	7.72	0	3.72	-7.01	-14.19	0.82	8.6	-5.59	40%	0.48	-5.302	4.11	249.43	2.14	1268.8	10847.41	73.03	356.02	1075.51	10099.14	63.38	324.04	
D-2	SONS	12/31/2006	As of 2006-12-31	0.47401628222524	279.48	589.6	434.01	121.82	312.19	589.6	102.85	0	-728.23	22.49	1839.1716	157.07	0.52949457259159	-1.23512550881954	0.038144504748982	11.70924810594	0.47401628222524	6.53118576994122	4.83899025944732	9.51	0	12.71	-26.15	-10.64	2.4	25.82	15.18	40%	0.21	15.306	7.08	259.77	2.14	1416.6	12474.52	81.91	399.2	1075.51	10099.14	63.38	324.04	
D-3	SONS	12/31/2007	As of 2007-12-31	0.46022620848642	319.42	694.05	546.38	181.18	365.2	694.05	-23.64	0	-751.92	-50.2	1575.6741	200.46	0.52618687414451	-1.08338015993084	-0.072329082919098	7.86029182879377	0.46022620848642	4.05194713099141	2.99237785229481	13.26	0.43	65.69	-18.69	-11.67	2.92	32.25	20.58	40%	0.17	20.682	5.83	270.27	2.14	1468.36	13264.82	84.4	#N/A	1075.51	10099.14	63.38	324.04	
D-4	SONS	12/31/2008	As of 2008-12-31	0.58466364196494	313.14	535.59	416.38	89.29	327.09	535.59	-118.8	0	-870.72	-46.72	431.0872	129.15	0.61070968464684	-1.62572116731082	-0.08723090423645	3.33787998451413	0.58466364196494	0.75578697239223	0.77160615243094	11.66	1.16	14.53	-3.38	-9.71	1.46	-16.73	-26.44	40%	0.29	-26.266	1.58	272.84	2.14	903.25	8776.39	52	#N/A	1075.51	10099.14	63.38	324.04	
D-1	SCON	12/31/2005	As of 2005-12-31	0.46512968299712	24.21	52.05	21.27	4.05	17.22	52.05	-14.21	0	-161.24	-14.44	58.656	4.79	0.33083573487032	-3.09779058597502	-0.27742555235351	12.2455114822547	0.46512968299712	2.95656318137972	2.35835977931931	3.23	0	1.79	-0.21	-0.26	-0.01	-9.4	-9.66	40%	0.12	-9.588	4.7	12.48	3.39	1268.8	10847.41	73.03	356.02	1075.51	10099.14	63.38	324.04	
D-2	SCON	12/31/2006	As of 2006-12-31	0.96211775445002	21.08	21.91	13.51	3.35	10.16	21.91	-29.62	0	-190.86	-29.97	22.7136	3.95	0.46371519853948	-8.7110908261068	-1.36786855317207	5.75027848101266	0.96211775445002	-11.7417124184668	-7.9141381726164	2.6	0	20.79	-1.04	-0.23	0.02	-7.28	-7.51	40%	0.04	-7.486	1.82	12.48	3.39	1416.6	12474.52	81.91	399.2	1075.51	10099.14	63.38	324.04	
D-3	SCON	12/31/2007	As of 2007-12-31	1.07701564380265	17.9	16.62	10.21	6.92	3.29	16.62	-9.13	0	-199.99	-9.24	69.4305	7.43	0.19795427196149	-12.0330926594464	-0.55595667870036	9.34461641991925	1.07701564380265	-11.760733156472	-6.77534714454848	2.33	0	-0.08	1.48	-0.19	0.18	-5.39	-5.58	40%	0.04	-5.556	5.55	12.51	3.39	1468.36	13264.82	84.4	#N/A	1075.51	10099.14	63.38	324.04	
D-4	SCON	12/31/2008	As of 2008-12-31	0.58316115702479	11.29	19.36	13.62	1.36	12.26	19.36	-12.7	0	-212.69	-12.95	18.046913	1.81	0.63326446280992	-10.9860537190083	-0.66890495867769	9.97067016574586	0.58316115702479	-10.2629641195608	-6.15949879898178	1.74	0	0.6	-1.76	-0.18	-	-12.12	-12.3	40%	0.03	-12.282	1.0099	17.87	3.39	903.25	8776.39	52	#N/A	1075.51	10099.14	63.38	324.04	
D-1	SYMM	6/30/2006	As of 2006-06-30	0.44875649780858	176.11	392.44	262.86	40.63	222.23	392.44	0.06	0	42.56	-4.17	323.3818	167.92	0.56627764753848	0.10844969931709	-0.010625828152074	1.92580871843735	0.44875649780858	2.40009049556144	1.71767260435912	9.97	0	12.93	-1.48	-9.44	1.17	19.34	9.9	40%	5.07	12.942	7.07	45.74	6.16	1270.2	11150.22	73.71	375.97	1075.51	10099.14	63.38	324.04	
D-2	SYMM	7/1/2007	As of 2007-07-01	0.50924998167111	208.38	409.19	264.06	46.97	217.09	409.19	6.3	0	48.86	9.24	382.0113	172.85	0.53053593685085	0.11940663261566	0.022581196998949	2.2100740526468	0.50924998167111	2.71311552325699	1.98428222750573	9.61	0	9.33	-6.56	-7.13	1.81	20.7	13.57	40%	4.27	16.132	8.21	46.53	6.16	1519.43	13535.43	#N/A	437.53	1075.51	10099.14	63.38	324.04	
D-3	SYMM	6/29/2008	As of 2008-06-29	0.54956811157778	208.05	378.57	253.69	102.15	151.54	378.57	-14.47	0	34	-19.6	172.4928	162.43	0.40029585017302	0.08981165966664	-0.051773780278416	1.06195160992428	0.54956811157778	1.62142737824291	1.19427046202022	10.65	0	22.44	0.14	-6.61	1.83	12.19	5.58	40%	4.12	8.052	3.84	44.92	6.16	1280	11350.01	#N/A	#N/A	1075.51	10099.14	63.38	324.04	
D-4	SYMM	6/28/2009	As of 2009-06-28	0.79883519027637	220.83	276.44	209.9	40.76	169.14	276.44	-40.67	0	-6.67	-36.42	255.2616	103.34	0.6118506728404	-0.024128201418029	-0.13174649110114	2.47011418618154	0.79883519027637	2.54578277158448	1.84024874679413	8.95	0	56.4	-3.42	-3.69	1.01	21.68	17.99	40%	2.12	19.262	5.86	43.56	6.16	927.23	8529.38	54.2	#N/A	1075.51	10099.14	63.38	324.04	
D-1	TNS	12/31/2005	As of 2005-12-31	0.7352490203873	258.94	352.18	90.86	57.74	33.12	352.18	5.77	0	-31.57	24.75	464.5386	174.34	0.094042819013005	-0.08964166051451	0.070276563121131	2.66455546633016	0.7352490203873	2.55251276756004	2.06159307892414	18.97	22.77	7.64	-5.54	-21.59	5.04	51.3	29.71	40%	6.39	33.544	19.38	23.97	22.39	1268.8	10847.41	73.03	356.02	1075.51	10099.14	63.38	324.04	
D-2	TNS	12/31/2006	As of 2006-12-31	0.7497380004192	286.16	381.68	100.34	68.52	31.82	381.68	-9.9	0	-41.46	-0.99	464.1175	202.41	0.083368266610773	-0.10862502619996	-0.002593795849927	2.29295736376661	0.7497380004192	2.06417003762698	1.67042592216785	22.21	24.82	13.11	-12.66	-25	10.24	35.12	10.12	40%	8.62	15.292	19.25	24.11	22.39	1416.6	12474.52	81.91	399.2	1075.51	10099.14	63.38	324.04	
D-3	TNS	12/31/2007	As of 2007-12-31	0.84980422866092	325.56	383.1	108.43	75.59	32.84	383.1	-2.81	-98.29	-44.28	10.32	430.615	290.83	0.08572174367006	-0.11558339859045	0.026938136256852	1.48064161193825	0.84980422866092	1.76728457562027	1.51644561901354	23.11	25.66	14.89	-8.74	-19.53	13.86	41.96	22.43	40%	15.64	31.814	17.75	24.26	22.39	1468.36	13264.82	84.4	#N/A	1075.51	10099.14	63.38	324.04	
D-4	TNS	12/31/2008	As of 2008-12-31	0.95048492719184	343.99	361.91	120.47	75.78	44.69	361.91	3.48	0	-40.8	23.3	235.2195	259.1	0.12348373905115	-0.11273521041143	0.064380647122213	0.90783288305673	0.95048492719184	1.69704149988737	1.52164050580798	25.29	25.73	12.39	1.87	-32.05	2.55	73.72	41.67	40%	10.84	48.174	9.39	25.05	22.39	903.25	8776.39	52	#N/A	1075.51	10099.14	63.38	324.04	
D-1	VRAZ	12/31/2005	As of 2005-12-31	1.17890830369569	76.24	64.67	58.35	48.23	10.12	64.67	-14.31	0	-45.94	-15.03	#N/A	48.23	0.15648677903201	-0.71037575382712	-0.23241070047936	#N/A	1.17890830369569	#N/A	#N/A	2.04	0	0.26	9.38	-4.16	0.02	-2.63	-6.79	40%	0	-6.79	#N/A	40.11	0.84	1268.8	10847.41	73.03	356.02	1075.51	10099.14	63.38	324.04	
D-2	VRAZ	12/31/2006	As of 2006-12-31	1.31916865236961	99.65	75.54	68.26	60.7	7.56	75.54	-13.67	0	-59.61	-13.91	#N/A	64.3	0.10007942811755	-0.78911834789515	-0.18414085252846	#N/A	1.31916865236961	#N/A	#N/A	3.4	0	1.19	3.74	-4.17	0.01	-5.34	-9.51	40%	0.87	-8.988	#N/A	40.11	0.84	1416.6	12474.52	81.91	399.2	1075.51	10099.14	63.38	324.04	
D-3	VRAZ	12/31/2007	As of 2007-12-31	1.01616161616162	125.75	123.75	116.88	56.21	60.67	123.75	3.38	0	-56.23	2.94	198.102	56.21	0.49026262626263	-0.45438383838384	0.023757575757576	3.52431951610034	1.01616161616162	3.16031494198344	2.53121532807527	3.69	0	2.82	-22.12	-3.2	0.94	-12.74	-15.94	40%	0.38	-15.712	4.82	41.1	0.84	1468.36	13264.82	84.4	395.14	1075.51	10099.14	63.38	324.04	
D-4	VRAZ	12/31/2008	As of 2008-12-31	0.98151260504202	93.44	95.2	90.22	43.08	47.14	95.2	-20.96	0	-77.19	-21.27	17.5726	43.08	0.49516806722689	-0.81081932773109	-0.2234243697479	0.40790622098422	0.98151260504202	-0.052970973291824	0.12306000356967	3.38	0	6.47	-3.92	-1.49	0.59	-15.77	-17.26	40%	0.31	-17.074	0.41	42.86	0.84	903.25	8776.39	52	#N/A	1075.51	10099.14	63.38	324.04	
D-1	WGNR	9/1/2006	As of 2006-09-01	1.83198562443845	20.39	11.13	6.83	6.05	0.78	11.13	-2.88	0	-14.98	-2.81	15.8508	6.05	0.070080862533693	-1.34591194968553	-0.25247079964061	2.61996694214876	1.83198562443845	0.76880047076994	1.05581828102144	2.67	0	0.47	1.37	-1.73	-	1.62	-0.11	40%	0.1	-0.05	1.26	12.58	0.15	1311.01	11464.15	75.82	369.85	1075.51	10099.14	63.38	324.04	
D-2	WGNR	8/31/2007	As of 2007-08-31	1.68227946916472	21.55	12.81	8.75	8.41	0.34	12.81	-0.75	0	-15.73	-0.61	13.156	8.41	0.026541764246682	-1.22794691647151	-0.047619047619048	1.56432818073722	1.68227946916472	0.77477567503093	1.16708731288075	2.31	0	0.84	-3.35	-1.97	-	-0.95	-2.92	40%	0.15	-2.83	1.04	12.65	0.15	1473.99	13357.74	85.15	#N/A	1075.51	10099.14	63.38	324.04	
D-3	WGNR	8/29/2008	As of 2008-08-29	1.62679788039364	21.49	13.21	9.48	8.43	1.05	13.21	0.38	0	-15.35	0.54	7.337	8.43	0.079485238455715	-1.16199848599546	0.040878122634368	0.87034400948992	1.62679788039364	0.75085969865383	1.18803275045056	1.85	0	-1.15	-0.32	-1.61	-	0.77	-0.84	40%	0.16	-0.744	0.58	12.65	0.15	1282.82	11543.55	75.2	387.35	1075.51	10099.14	63.38	324.04	
D-4	WGNR	8/28/2009	As of 2009-08-28	1.32704402515723	12.66	9.54	6.22	7.36	-1.14	9.54	-2.61	0	-17.95	-2.48	2.9095	7.36	-0.11949685534591	-1.88155136268344	-0.25995807127883	0.3953125	1.32704402515723	-2.07252528825996	-0.99396560534591	1.44	0	0.5	0.79	-1.02	-	0.12	-0.9	40%	0.13	-0.822	0.23	12.65	0.15	1028.93	9544.2	60.3	306.64	1075.51	10099.14	63.38	324.04	
D-1	WSTL	3/31/2006	As of 2006-03-31	1.47630467650279	283.17	191.81	107.4	30.86	76.54	191.81	12.85	0	-234.03	22.3	286.3245	34.54	0.39904071737657	-1.22011365413691	0.11626088316563	8.28964968152866	1.47630467650279	5.60296884025029	4.56529631548869	9.48	0	2.29	-1.33	-4.49	0.31	31.72	27.23	40%	0.01	27.236	4.07	70.35	1.44	1294.83	11109.32	75.69	394.83	1075.51	10099.14	63.38	324.04	
D-2	WSTL	3/31/2007	As of 2007-03-31	1.23718350614902	256.53	207.35	124.58	36.15	88.43	207.35	8.69	0	-226.55	10.46	163.507	40.01	0.42647697130456	-1.0925970581143	0.050446105618519	4.08665333666584	1.23718350614902	2.83654695738894	2.48485540935721	7.98	0	1.95	15.62	-3.83	0.34	39.46	35.63	40%	0.01	35.636	2.3	71.09	1.44	1424.55	12382.3	82.74	#N/A	1075.51	10099.14	63.38	324.04	
D-3	WSTL	3/31/2008	As of 2008-03-31	1.53266780898458	205.73	134.23	108.75	29.68	79.07	134.23	-76.23	0	-302.78	-24.72	107.085	40.73	0.58906354764211	-2.2556805483126	-0.18416151381956	2.62914313773631	1.53266780898458	0.049811517745714	0.57061559278034	7.85	0	13.22	-0.32	-4.71	0.41	-1.85	-6.56	40%	0.02	-6.548	1.5	71.39	1.44	1322.7	12262.89	76.21	#N/A	1075.51	10099.14	63.38	324.04	
D-4	WSTL	3/31/2009	As of 2009-03-31	1.14995006420317	161.2	140.18	94.55	29.48	65.07	140.18	-16.68	0	-319.46	-16.98	19.1968	63.82	0.46418889998573	-2.27892709373662	-0.12112997574547	0.30079598871827	1.14995006420317	-1.70392246383852	-0.70219557487957	5.82	0	4.78	-8.62	-2.21	0.08	-14.7	-16.91	40%	0.02	-16.898	0.28	68.56	1.44	797.87	7608.92	45.88	222.43	1075.51	10099.14	63.38	324.04	
D-1	XETA	10/31/2006	As of 2006-10-31	1.07261670541942	59.97	55.91	18.73	12.41	6.32	55.91	0.72	0	27.05	1.34	34.2035	18.03	0.11303881237703	0.48381327132892	0.023967089966017	1.89703272323905	1.07261670541942	3.10184027425822	2.43157059226693	0.51	0.43	0.11	0.87	-1	0.03	3.32	2.32	40%	0.16	2.416	3.35	10.21	2.85	1377.94	12080.73	79.59	389.94	1075.51	10099.14	63.38	324.04	
D-2	XETA	10/31/2007	As of 2007-10-31	1.16622296173045	70.09	60.1	22.88	14.38	8.5	60.1	1.43	0	28.48	2.42	40.2274	20.66	0.1414309484193	0.4738768718802	0.04026622296173	1.94711519845111	1.16622296173045	3.29934915234854	2.60829387419805	0.55	0.66	0.22	-1.72	-1.3	0.03	2.05	0.75	40%	0.1	0.81	3.94	10.21	2.85	1549.38	13930.01	89.58	431	1075.51	10099.14	63.38	324.04	
D-3	XETA	10/31/2008	As of 2008-10-31	1.27007079379425	84.32	66.39	27.91	18.55	9.36	66.39	2.06	0	30.54	3.69	17.425	24.56	0.14098508811568	0.46000903750565	0.055580659737912	0.70948697068404	1.27007079379425	2.69110384079271	2.2275422924109	0.74	1.02	0.37	-3.82	-1.29	0.07	1.67	0.38	40%	0.35	0.59	1.7	10.25	2.85	968.75	9325.01	55.88	287.67	1075.51	10099.14	63.38	324.04	
D-4	XETA	10/31/2009	As of 2009-10-31	1.49696716168166	71.57	47.81	27.3	15.76	11.54	47.81	-10.32	0	20.22	-16.89	24.7266	16.05	0.24137209788747	0.42292407446141	-0.35327337377118	1.54059813084112	1.49696716168166	2.1357671612907	1.57546786418983	1.03	1.2	18.65	6.23	-0.9	0.11	10.01	9.11	40%	0.1	9.17	2.41	10.26	2.85	1042.88	9789.44	60.74	298.69	1075.51	10099.14	63.38	324.04	
D-1	ZSTN	#VALUE!	#VALUE!	#VALUE!	#VALUE!	#VALUE!	#VALUE!	#VALUE!	#VALUE!	#VALUE!	#VALUE!	#VALUE!	#VALUE!	#VALUE!	#VALUE!	#VALUE!	#VALUE!	#VALUE!	#VALUE!	#VALUE!	#VALUE!	#VALUE!	#VALUE!	#VALUE!	#VALUE!	#VALUE!	#VALUE!	#VALUE!	#VALUE!	#VALUE!	#VALUE!	40%	#VALUE!	#VALUE!	#N/A	#VALUE!	8.87	#N/A	#N/A	#N/A	#N/A	1075.51	10099.14	63.38	324.04	
D-2	ZSTN	#VALUE!	#VALUE!	#VALUE!	#VALUE!	#VALUE!	#VALUE!	#VALUE!	#VALUE!	#VALUE!	#VALUE!	#VALUE!	#VALUE!	#VALUE!	#VALUE!	#VALUE!	#VALUE!	#VALUE!	#VALUE!	#VALUE!	#VALUE!	#VALUE!	#VALUE!	#VALUE!	#VALUE!	#VALUE!	#VALUE!	#VALUE!	#VALUE!	#VALUE!	#VALUE!	40%	#VALUE!	#VALUE!	#N/A	#VALUE!	8.87	#N/A	#N/A	#N/A	#N/A	1075.51	10099.14	63.38	324.04	
D-3	ZSTN	#VALUE!	#VALUE!	#VALUE!	#VALUE!	#VALUE!	#VALUE!	#VALUE!	#VALUE!	#VALUE!	#VALUE!	#VALUE!	#VALUE!	#VALUE!	#VALUE!	#VALUE!	#VALUE!	#VALUE!	#VALUE!	#VALUE!	#VALUE!	#VALUE!	#VALUE!	#VALUE!	#VALUE!	#VALUE!	#VALUE!	#VALUE!	#VALUE!	#VALUE!	#VALUE!	40%	#VALUE!	#VALUE!	#N/A	#VALUE!	8.87	#N/A	#N/A	#N/A	#N/A	1075.51	10099.14	63.38	324.04	
D-4	ZSTN	#VALUE!	#VALUE!	#VALUE!	#VALUE!	#VALUE!	#VALUE!	#VALUE!	#VALUE!	#VALUE!	#VALUE!	#VALUE!	#VALUE!	#VALUE!	#VALUE!	#VALUE!	#VALUE!	#VALUE!	#VALUE!	#VALUE!	#VALUE!	#VALUE!	#VALUE!	#VALUE!	#VALUE!	#VALUE!	#VALUE!	#VALUE!	#VALUE!	#VALUE!	#VALUE!	40%	#VALUE!	#VALUE!	#N/A	#VALUE!	8.87	#N/A	#N/A	#N/A	#N/A	1075.51	10099.14	63.38	324.04	
D-1	ZHNE	12/31/2006	As of 2006-12-31	0.80914314264302	194.34	240.18	145.03	61.15	83.88	240.18	-126.89	0	-900.96	-142.19	198.5424	82.58	0.34923807144642	-3.75118661004247	-0.59201432259139	2.40424315814967	0.80914314264302	-4.53534293848516	-2.94723344523173	14.25	0	108.69	-17.1	-3.89	0.25	-21.05	-24.94	40%	3.36	-22.924	1.33	149.28	0.47	1416.6	12474.52	81.91	399.2	1075.51	10099.14	63.38	324.04	
D-2	ZHNE	12/31/2007	As of 2007-12-31	0.78532742491384	175.45	223.41	131.93	54.43	77.5	223.41	-142.67	0	-913.06	-11.35	175.5234	73.86	0.34689584172597	-4.08692538382346	-0.050803455530191	2.37643379366369	0.78532742491384	-3.26266955684418	-1.59096150121387	5.38	0	124.98	-3.94	-2	0.74	-16.24	-18.24	40%	2.63	-16.662	1.17	150.02	0.47	1468.36	13264.82	84.4	395.14	1075.51	10099.14	63.38	324.04	
D-3	ZHNE	12/31/2008	As of 2008-12-31	1.18396111786148	146.16	123.45	103.27	41.26	62.01	123.45	-12.1	0	-1005.6	-91.43	12.50644	64.15	0.50230862697448	-8.14580801944107	-0.74062373430539	0.19495619641465	1.18396111786148	-11.9456683234635	-7.57531904554149	2.66	0	0.05	-5.38	-1.36	0.35	-14.78	-16.14	40%	2.23	-14.802	0.083	150.68	0.47	903.25	8776.39	52	#N/A	1075.51	10099.14	63.38	324.04	
D-4	ZHNE	12/31/2009	As of 2009-12-31	1.14728822782514	126.5	110.26	91.2	37.36	53.84	110.26	-92.53	0	-1015.62	-8.69	61.947904	58.59	0.48830038091783	-9.21113731180845	-0.078813713041901	1.05731189622803	1.14728822782514	-10.7891889551346	-6.11039789529473	2.2	0	70.87	2.23	-1.44	0.37	-17.22	-18.66	40%	1.64	-17.676	0.4096	151.24	0.47	1115.1	10428.05	65.28	332.63	1075.51	10099.14	63.38	324.04	
D-1	ZOOM	12/31/2005	As of 2005-12-31	1.29761300152362	25.55	19.69	17.09	8.82	8.27	19.69	-2.12	0	-20.63	-5.64	13.5575	8.82	0.42001015744032	-1.04773996952768	-0.28643981716607	1.53713151927438	1.29761300152362	0.31051913502831	0.46342103799366	0.32	0	-3.5	1.43	-0.22	0	-3.86	-4.08	40%	0.25	-3.93	7.25	1.87	6.02	1268.8	10847.41	73.03	356.02	1075.51	10099.14	63.38	324.04	
D-2	ZOOM	12/31/2006	As of 2006-12-31	1.12738461538462	18.32	16.25	16	3.57	12.43	16.25	1.03	0	-19.6	-6.04	10.76185	3.93	0.76492307692308	-1.20615384615385	-0.37169230769231	2.73838422391858	1.12738461538462	0.77199545742807	0.64448814327657	0.14	0	-6.6	-0.72	-0.04	0	-6.15	-6.19	40%	0.31	-6.004	5.755	1.87	6.02	1416.6	12474.52	#N/A	399.2	1075.51	10099.14	63.38	324.04	
D-3	ZOOM	12/31/2007	As of 2007-12-31	1.5503355704698	18.48	11.92	10.57	2.83	7.74	11.92	-3.5	0	-23.1	-4.08	7.0125	2.83	0.6493288590604	-1.93791946308725	-0.34228187919463	2.47791519434629	1.5503355704698	-0.027888467284844	0.34649116014893	0.09	0	-0.15	0.57	-0.01	0	-3	-3.01	40%	0	-3.01	3.75	1.87	6.02	1468.36	13264.82	84.4	395.14	1075.51	10099.14	63.38	324.04	
D-4	ZOOM	12/31/2008	As of 2008-12-31	2.20091324200913	14.46	6.57	5.5	1.61	3.89	6.57	-4.16	0	-27.26	-3.94	0.8602	1.61	0.59208523592085	-4.14916286149163	-0.59969558599696	0.53428571428571	2.20091324200913	-4.55803739943466	-2.53210532724505	0.09	0	0.26	1.76	-0.02	0.01	-2.05	-2.07	40%	0	-2.07	0.46	1.87	6.02	903.25	8776.39	#N/A	268.73	1075.51	10099.14	63.38	324.04	
